[[8930  712]
 [1065 9293]]
Validation Avg: 0.790950001528
Train Avg: 0.805262501414


[1 0 1 0 1 0 0 0 0 0 0 0 0 0 1 0 1 1 1 1]    [0]
[1 1 0 0 1 0 1 1 0 1 1 0 0 1 0 1 1 1 1 1]    [1]
[1 1 0 1 1 0 0 1 1 0 0 1 0 0 1 0 0 0 1 1]    [0]
[0 1 0 0 1 0 0 1 0 0 0 1 1 0 0 0 0 1 1 1]    [0]
[0 1 0 0 0 1 1 1 0 0 0 1 0 0 1 1 0 0 1 1]    [1]
[0 1 0 0 1 0 1 1 0 0 0 1 0 0 1 0 1 0 1 1]    [1]
[1 0 0 1 1 0 1 1 0 0 1 0 0 1 1 1 0 1 1 1]    [0]
[1 1 1 0 1 1 1 0 1 0 0 0 0 0 0 0 1 1 0 1]    [0]
[0 0 1 1 0 1 0 1 1 1 1 1 1 1 1 0 1 0 1 0]    [1]
[0 1 0 0 1 1 0 0 0 1 0 1 1 0 0 1 1 1 0 1]    [0]
[1 1 1 1 1 0 1 1 0 0 1 1 1 0 1 0 1 1 1 1]    [1]