[[9408   97]
 [ 587 9908]]
Validation Avg: 0.965800005496
Train Avg: 0.964325005859


[0 1 0 0 0 0 1 1 1 1 1 0 0 1 0 1 1 1 1 1]    [0]
[1 0 1 0 1 0 1 0 1 1 1 0 0 1 0 0 1 0 0 1]    [0]
[0 1 0 0 1 0 0 1 0 0 0 1 1 0 0 0 0 1 1 1]    [0]
[0 0 1 1 1 0 0 0 0 1 1 0 1 0 0 0 0 1 1 0]    [0]
[1 1 1 1 0 1 1 1 1 1 1 0 0 1 0 1 1 1 0 1]    [1]
[0 0 1 1 1 1 1 1 1 0 0 0 1 0 1 0 0 1 1 1]    [0]
[1 1 0 0 0 1 1 1 0 0 0 0 1 1 0 1 1 0 0 1]    [0]
[0 0 1 1 1 0 1 1 0 0 0 1 1 1 0 0 1 0 1 0]    [0]
[1 1 0 1 0 1 0 1 0 1 1 0 0 0 0 1 1 0 0 1]    [0]
[1 0 1 0 0 0 0 1 0 0 0 1 1 1 1 0 1 1 1 0]    [0]
[0 1 1 1 1 0 0 1 0 0 0 0 0 1 1 0 0 0 1 0]    [0]