[[5321 5408]
 [4674 4597]]
Validation Avg: 0.730850000903
Train Avg: 0.747181250975


[0 1 1 1 0 0 0 0 1 1 0 1 0 0 1 1 0 1 1 0]    [0]
[0 1 1 1 0 0 1 1 0 1 0 1 0 1 0 0 1 1 1 0]    [1]
[1 0 1 0 1 0 0 0 0 0 0 0 0 0 1 0 1 1 1 1]    [0]
[0 0 0 0 1 0 0 1 1 0 0 0 1 1 1 1 0 1 0 1]    [1]
[1 0 0 0 1 0 0 1 1 0 1 1 1 1 1 1 0 0 0 1]    [1]
[0 1 1 0 1 1 0 0 1 0 0 0 1 1 1 0 1 0 0 1]    [0]
[0 1 1 0 0 0 1 0 0 0 1 1 1 1 0 1 1 0 0 1]    [0]
[1 1 0 0 1 0 1 1 0 1 1 0 0 1 0 1 1 1 1 1]    [1]
[0 0 1 0 0 0 0 0 0 0 0 1 0 1 0 1 0 0 0 1]    [1]
[0 1 1 1 1 0 0 1 1 1 0 0 0 1 1 1 1 1 0 1]    [1]
[0 0 1 0 0 0 1 1 0 0 1 0 0 1 0 0 1 1 1 0]    [0]