[[7589 1154]
 [2407 8850]]
Validation Avg: 0.821949997246
Train Avg: 0.816537498012


[1 1 1 1 1 1 0 0 1 0 1 0 1 1 1 0 1 1 1 0]    [0]
[0 0 1 1 0 1 0 0 0 1 1 1 1 1 0 1 0 0 0 1]    [0]
[1 0 0 0 0 1 1 0 1 0 1 1 1 1 1 0 1 1 1 0]    [0]
[1 0 1 0 1 0 1 0 1 1 0 1 1 0 1 1 0 1 0 1]    [0]
[0 0 1 0 1 0 0 1 1 0 1 0 1 1 1 0 0 1 0 1]    [0]
[1 0 0 0 0 0 1 0 1 0 1 0 0 0 0 1 1 1 1 0]    [0]
[1 1 0 1 1 0 0 0 1 1 1 0 0 0 0 1 1 0 0 1]    [0]
[0 0 1 1 0 1 1 0 1 0 1 0 1 0 1 0 1 0 1 1]    [1]
[0 1 1 0 1 1 0 1 0 0 1 1 1 1 1 1 0 1 1 1]    [0]
[0 1 1 1 1 0 1 0 0 1 0 0 0 0 1 0 0 1 1 0]    [1]
[1 1 0 0 0 1 0 1 1 1 1 0 1 1 1 1 0 1 1 1]    [0]