[[6545 1978]
 [3451 8026]]
Validation Avg: 0.775249999166
Train Avg: 0.774274999127


[1 0 1 0 1 0 1 0 0 0 1 1 0 0 1 0 1 0 1 0]    [1]
[0 1 1 1 1 1 1 1 0 1 0 0 1 1 0 0 0 0 1 1]    [0]
[0 1 1 0 1 0 1 1 0 0 1 1 1 0 1 0 0 1 0 0]    [0]
[0 0 1 1 0 1 1 1 0 1 0 1 0 0 1 1 1 0 0 0]    [0]
[1 0 0 1 0 0 0 0 0 1 1 1 1 1 1 1 0 0 1 0]    [0]
[1 1 1 1 0 1 0 1 0 0 0 1 1 0 1 0 0 1 0 0]    [0]
[1 0 0 0 1 0 1 1 1 1 1 0 0 1 1 1 0 1 0 1]    [0]
[1 1 1 0 0 1 0 0 1 0 0 1 0 0 1 1 1 0 0 0]    [1]
[0 1 1 0 0 1 0 1 0 1 1 1 0 0 1 0 1 1 1 1]    [0]
[0 0 0 0 0 1 1 0 0 0 1 1 0 1 0 1 1 0 0 0]    [1]
[0 0 1 0 1 0 0 1 1 0 1 0 1 1 1 0 0 1 0 1]    [0]