[[6800 6107]
 [3196 3897]]
Validation Avg: 0.695116665562
Train Avg: 0.6960458321


[1 1 0 0 0 1 0 0 0 1 1 0 0 1 1 0 1 0 1 0]    [1]
[1 0 0 0 0 1 1 1 0 0 1 0 0 0 0 1 0 1 0 1]    [0]
[0 1 0 1 1 1 0 0 0 0 0 0 0 1 1 1 1 1 1 0]    [0]
[1 1 0 1 0 0 0 1 0 1 0 0 1 0 1 1 0 1 0 1]    [0]
[1 0 1 0 1 0 1 0 0 0 1 1 0 0 1 0 1 0 1 0]    [1]
[1 0 1 1 1 1 1 1 1 1 0 1 0 0 1 1 1 0 1 1]    [1]
[0 1 1 0 1 0 1 1 0 0 1 1 1 0 1 0 0 1 0 0]    [0]
[1 0 1 0 0 0 0 0 1 1 1 1 0 0 0 1 0 0 1 1]    [1]
[0 1 0 1 0 1 0 1 1 1 1 1 1 0 1 1 0 0 0 0]    [1]
[1 1 1 1 0 1 1 0 1 1 1 0 0 1 1 0 1 0 0 1]    [1]
[1 1 1 0 0 1 1 1 1 1 0 1 1 1 0 1 0 0 0 1]    [1]