[[6519 2274]
 [3545 7662]]
Validation Avg: 0.691050001979
Train Avg: 0.69246666804


[0 0 0 0 0 1 1 0 0 0 0 0 1 0 1 1 0 0 0 1]    [0]
[1 0 1 1 1 0 0 1 1 0 0 1 0 1 1 0 1 0 1 1]    [0]
[1 1 1 1 0 1 1 1 1 1 0 1 1 0 0 1 0 1 0 1]    [0]
[1 0 1 0 1 1 0 0 0 0 1 0 0 0 0 0 1 0 0 0]    [0]
[1 0 0 1 0 0 1 1 1 0 0 1 0 0 1 0 0 1 0 0]    [0]
[0 1 1 1 1 1 0 1 1 1 0 0 0 1 1 1 0 1 1 1]    [0]
[0 1 1 0 1 0 1 1 0 1 0 1 1 1 1 0 0 0 1 0]    [1]
[1 0 1 1 0 0 0 0 1 0 0 1 1 1 0 1 1 1 1 0]    [1]
[1 1 1 0 1 1 1 1 1 0 0 1 0 0 0 1 1 1 1 1]    [0]
[1 1 1 1 0 0 0 1 1 1 1 1 0 1 1 0 1 1 0 0]    [1]
[0 1 0 0 1 1 0 1 1 0 0 1 0 1 1 0 0 0 0 1]    [1]