[[8629 3463]
 [1435 6473]]
Validation Avg: 0.755100000203
Train Avg: 0.76469999887


[0 0 0 0 0 1 1 0 0 0 0 0 1 0 1 1 0 0 0 1]    [0]
[1 0 1 1 1 0 1 1 1 0 1 1 0 0 1 0 1 0 0 1]    [0]
[1 1 1 1 0 1 1 1 1 1 0 1 1 0 0 1 0 1 0 1]    [0]
[1 1 0 0 0 1 0 0 0 0 0 0 0 0 0 1 1 1 1 0]    [1]
[0 1 0 1 0 1 1 0 1 0 1 1 1 1 0 1 0 0 0 1]    [1]
[1 1 0 1 1 1 0 0 1 0 0 0 0 0 0 0 0 0 0 1]    [1]
[1 1 1 0 1 1 1 1 1 0 0 1 0 0 0 1 1 1 1 1]    [0]
[1 1 0 1 1 1 1 0 1 1 0 1 1 0 0 1 1 0 1 1]    [0]
[1 1 0 1 0 1 0 1 1 0 0 0 0 1 0 1 1 0 0 1]    [0]
[0 0 0 0 1 1 1 0 0 1 0 0 0 1 0 1 0 1 1 1]    [1]
[1 0 0 1 0 0 0 0 0 1 0 0 0 1 0 1 1 0 1 0]    [1]