[[6770 1812]
 [3294 8124]]
Validation Avg: 0.74469999969
Train Avg: 0.722175000906


[1 0 1 1 1 0 1 1 1 0 1 1 0 0 1 0 1 0 0 1]    [0]
[1 0 1 0 1 1 0 0 0 0 1 0 0 0 0 0 1 0 0 0]    [0]
[0 0 0 0 1 1 0 0 0 1 0 0 0 1 1 0 1 0 1 1]    [0]
[1 0 1 0 1 0 0 0 0 1 1 1 0 1 0 0 0 0 0 0]    [1]
[0 0 1 0 1 0 1 1 0 0 1 0 1 1 0 1 0 0 1 1]    [0]
[1 1 1 0 0 1 0 0 1 0 0 0 1 1 1 1 0 1 1 0]    [1]
[0 1 1 0 1 0 1 1 0 1 0 1 1 1 1 0 0 0 1 0]    [1]
[1 0 1 1 0 0 0 0 1 0 0 1 1 1 0 1 1 1 1 0]    [1]
[0 1 0 0 1 1 1 1 1 1 0 1 0 1 0 0 1 0 1 0]    [1]
[1 1 1 1 0 0 0 1 1 1 1 1 0 1 1 0 1 1 0 0]    [1]
[1 0 1 1 0 1 0 0 1 0 0 0 0 0 0 0 1 1 1 0]    [0]