[[9235 1552]
 [ 829 8384]]
Validation Avg: 0.812824999988
Train Avg: 0.806237500831


[1 0 1 1 1 0 1 1 1 0 1 1 0 0 1 0 1 0 0 1]    [0]
[1 1 1 0 0 1 0 1 0 1 0 0 1 0 1 1 0 0 0 0]    [1]
[1 0 1 0 1 0 0 0 0 1 1 1 0 1 0 0 0 0 0 0]    [1]
[1 1 1 0 1 0 0 1 0 0 1 0 1 0 1 0 0 1 0 1]    [0]
[0 1 1 0 1 0 1 1 0 1 0 1 1 1 1 0 0 0 1 0]    [1]
[0 1 0 1 1 1 1 1 1 0 1 0 0 0 1 0 0 0 0 0]    [1]
[0 0 0 0 1 1 1 0 0 1 0 0 0 1 0 1 0 1 1 1]    [1]
[1 1 1 0 0 1 1 1 1 1 1 0 1 0 1 0 1 0 0 0]    [0]
[1 1 1 1 1 1 0 0 0 1 1 1 0 1 1 1 1 0 0 0]    [1]
[1 0 1 1 0 0 0 1 1 0 1 1 0 1 1 1 0 0 0 0]    [0]
[1 1 0 1 0 0 0 1 0 0 1 1 1 0 1 1 0 0 1 0]    [0]