[[5458 2440]
 [4606 7496]]
Validation Avg: 0.682050001919
Train Avg: 0.67883125104


[1 1 1 0 0 0 1 1 1 1 1 0 0 0 1 1 0 0 1 1]    [0]
[1 0 0 1 0 0 1 1 1 0 0 1 0 0 1 0 0 1 0 0]    [0]
[1 0 1 1 0 0 0 0 0 0 0 0 0 0 0 0 0 1 1 1]    [0]
[1 1 1 0 1 0 0 1 0 0 1 0 1 0 1 0 0 1 0 1]    [0]
[0 0 1 0 1 0 1 1 0 0 1 0 1 1 0 1 0 0 1 1]    [0]
[1 1 0 0 0 1 1 0 0 1 1 1 0 0 1 0 1 0 0 1]    [0]
[1 0 1 0 1 1 1 1 0 0 0 1 1 1 0 0 1 0 0 0]    [0]
[0 1 0 0 0 1 0 1 1 0 0 1 1 1 0 1 1 1 1 0]    [1]
[1 0 0 1 1 1 0 0 1 0 0 1 0 1 0 1 1 0 1 0]    [0]
[1 0 1 1 1 1 0 0 1 1 1 1 1 1 1 0 1 1 1 1]    [0]
[1 1 0 1 1 1 1 0 1 1 0 1 1 0 0 1 1 0 1 1]    [0]