[[4801 4491]
 [5263 5445]]
Validation Avg: 0.633699999079
Train Avg: 0.648487498164


[0 0 0 0 0 1 1 0 0 0 0 0 1 0 1 1 0 0 0 1]    [0]
[0 0 1 1 1 0 0 0 1 0 0 0 0 0 1 0 0 0 0 1]    [0]
[1 1 1 0 0 0 1 1 1 1 1 0 0 0 1 1 0 0 1 1]    [0]
[1 0 1 1 1 0 1 1 1 0 1 1 0 0 1 0 1 0 0 1]    [0]
[1 1 1 1 1 1 0 0 1 1 1 0 0 0 1 0 0 1 0 0]    [1]
[1 0 1 1 1 0 0 1 1 0 0 1 0 1 1 0 1 0 1 1]    [0]
[1 1 1 1 0 1 1 1 1 1 0 1 1 0 0 1 0 1 0 1]    [0]
[1 1 0 0 0 1 0 0 0 0 0 0 0 0 0 1 1 1 1 0]    [1]
[1 0 0 1 0 0 1 1 1 0 0 1 0 0 1 0 0 1 0 0]    [0]
[0 0 0 0 1 1 0 0 0 1 0 0 0 1 1 0 1 0 1 1]    [0]
[1 1 1 0 0 1 0 1 0 1 0 0 1 0 1 1 0 0 0 0]    [1]