[[4608 3102]
 [5456 6834]]
Validation Avg: 0.732583332956
Train Avg: 0.734399999827


[0 0 0 0 0 1 1 0 0 0 0 0 1 0 1 1 0 0 0 1]    [0]
[1 1 1 0 0 0 1 1 1 1 1 0 0 0 1 1 0 0 1 1]    [0]
[1 0 1 1 1 0 1 1 1 0 1 1 0 0 1 0 1 0 0 1]    [0]
[1 0 1 1 1 0 0 1 1 0 0 1 0 1 1 0 1 0 1 1]    [0]
[1 1 1 1 0 1 1 1 1 1 0 1 1 0 0 1 0 1 0 1]    [0]
[1 0 1 0 1 1 0 0 0 0 1 0 0 0 0 0 1 0 0 0]    [0]
[1 0 0 1 0 0 1 1 1 0 0 1 0 0 1 0 0 1 0 0]    [0]
[1 1 1 0 0 1 0 1 0 1 0 0 1 0 1 1 0 0 0 0]    [1]
[1 1 1 0 0 0 1 1 1 1 1 0 0 1 1 1 0 0 0 1]    [0]
[1 0 1 0 1 0 0 0 0 1 1 1 0 1 0 0 0 0 0 0]    [1]
[1 0 1 1 0 0 0 0 0 0 0 0 0 0 0 0 0 1 1 1]    [0]