[[6218 5176]
 [3846 4760]]
Validation Avg: 0.605433331678
Train Avg: 0.615083330957


[1 1 0 0 0 1 0 0 0 0 0 0 0 0 0 1 1 1 1 0]    [1]
[1 0 0 1 0 0 1 1 1 0 0 1 0 0 1 0 0 1 0 0]    [0]
[0 0 0 0 0 1 0 1 0 1 0 1 0 0 1 1 1 1 0 1]    [1]
[0 0 1 0 1 0 1 1 0 0 1 0 1 1 0 1 0 0 1 1]    [0]
[0 1 0 1 0 1 1 0 1 0 1 1 1 1 0 1 0 0 0 1]    [1]
[1 1 1 0 0 1 0 0 1 0 0 0 1 1 1 1 0 1 1 0]    [1]
[0 0 1 1 1 0 0 0 0 0 1 0 0 0 1 1 0 1 0 0]    [1]
[1 0 1 0 1 1 1 1 0 0 0 1 1 1 0 0 1 0 0 0]    [0]
[0 1 0 0 0 1 0 1 1 0 0 1 1 1 0 1 1 1 1 0]    [1]
[1 0 1 0 1 0 1 0 0 1 0 1 0 1 1 1 1 1 0 1]    [0]
[1 0 0 1 1 1 0 0 1 0 0 1 0 1 0 1 1 0 1 0]    [0]