[[6406 2014]
 [3658 7922]]
Validation Avg: 0.716400000751
Train Avg: 0.7079875011


[1 1 1 1 1 1 0 0 1 1 1 0 0 0 1 0 0 1 0 0]    [1]
[1 1 0 0 0 1 0 0 0 0 0 0 0 0 0 1 1 1 1 0]    [1]
[1 0 1 1 0 1 0 1 1 0 0 1 0 1 0 0 1 0 1 0]    [0]
[0 1 1 1 1 1 0 1 1 1 0 0 0 1 1 1 0 1 1 1]    [0]
[1 1 1 0 0 1 0 0 1 0 0 0 1 1 1 1 0 1 1 0]    [1]
[0 1 0 0 0 1 0 1 1 0 0 1 1 1 0 1 1 1 1 0]    [1]
[1 0 1 0 1 0 1 0 0 1 0 1 0 1 1 1 1 1 0 1]    [0]
[1 0 0 1 1 1 0 0 1 0 0 1 0 1 0 1 1 0 1 0]    [0]
[0 1 0 0 1 0 0 1 0 0 0 1 1 0 1 1 0 1 1 0]    [1]
[1 1 0 1 1 1 1 0 1 1 0 1 1 0 0 1 1 0 1 1]    [0]
[1 0 1 1 0 1 0 0 1 0 0 0 0 0 0 0 1 1 1 0]    [0]