[[5115 5154]
 [4949 4782]]
Validation Avg: 0.495699997246
Train Avg: 0.52680416363


[1 1 0 1 0 1 0 0 1 0 1 0 0 0 0 1 1 0 0 1]    [1]
[1 1 0 0 0 1 0 0 0 0 0 0 0 0 0 1 0 1 1 1]    [1]
[0 1 1 0 1 0 0 0 0 1 1 0 1 0 0 0 1 1 0 0]    [0]
[0 1 0 1 1 0 1 1 1 1 1 0 1 1 1 1 0 1 0 1]    [0]
[0 1 0 0 1 0 0 1 0 1 1 1 0 1 0 0 1 0 1 0]    [1]
[0 0 0 1 1 1 0 0 1 1 0 0 1 0 0 0 1 1 0 0]    [0]
[0 1 1 0 1 0 0 1 1 1 1 0 1 0 1 1 1 0 0 0]    [1]
[0 0 1 1 1 1 0 0 1 1 0 1 0 1 0 0 0 1 1 0]    [0]
[0 0 1 1 1 1 1 0 1 0 0 1 0 1 1 1 1 0 1 1]    [1]
[0 1 1 0 0 1 1 1 0 1 1 1 0 1 0 1 1 0 0 0]    [1]
[1 1 0 1 0 0 1 0 1 0 1 0 1 0 1 1 0 1 1 0]    [1]