[[4227 4305]
 [5837 5631]]
Validation Avg: 0.492899995595
Train Avg: 0.527912497073


[0 1 1 0 0 1 0 1 0 0 1 1 1 0 0 1 0 0 1 0]    [1]
[1 0 1 1 1 0 1 1 0 1 1 0 1 1 0 0 0 1 0 0]    [1]
[1 1 0 1 1 0 1 0 1 1 0 0 0 1 0 1 0 1 1 1]    [0]
[1 1 0 0 0 0 0 1 0 1 0 1 1 1 0 0 1 0 1 1]    [0]
[0 0 1 1 1 0 1 1 0 1 1 1 1 1 0 1 1 0 1 0]    [1]
[1 1 1 0 1 0 1 0 1 1 1 0 0 1 1 0 0 1 0 1]    [0]
[1 0 1 0 1 0 0 0 1 0 0 1 1 0 1 0 0 1 1 1]    [0]
[0 0 0 1 1 1 0 0 1 1 0 0 1 0 0 0 1 1 0 0]    [0]
[0 0 1 1 1 1 0 0 1 1 0 1 0 1 0 0 0 1 1 0]    [0]
[0 0 1 1 1 1 1 0 1 0 0 1 0 1 1 1 1 0 1 1]    [1]
[1 0 0 0 1 1 0 0 0 0 1 1 1 1 1 1 0 1 1 1]    [0]