[[4828 4777]
 [5236 5159]]
Validation Avg: 0.496124996543
Train Avg: 0.528024996892


[1 1 0 1 0 1 0 0 1 0 1 0 0 0 0 1 1 0 0 1]    [1]
[1 0 1 0 0 0 0 0 1 0 1 0 0 0 1 1 0 0 1 0]    [1]
[0 1 1 0 1 0 0 0 0 1 1 0 1 0 0 0 1 1 0 0]    [0]
[1 1 0 1 0 1 0 1 0 1 1 0 1 0 1 1 0 0 0 1]    [1]
[1 0 1 0 1 0 0 0 1 0 0 1 1 0 1 0 0 1 1 1]    [0]
[0 0 0 1 1 1 0 0 1 1 0 0 1 0 0 0 1 1 0 0]    [0]
[0 1 1 0 1 0 0 1 1 1 1 0 1 0 1 1 1 0 0 0]    [1]
[1 1 0 1 0 0 1 0 1 0 1 0 1 0 1 1 0 1 1 0]    [1]
[0 0 1 1 1 0 1 0 1 0 0 1 0 0 0 1 0 0 0 0]    [1]
[1 0 0 1 1 0 1 1 1 1 0 0 1 0 0 0 1 0 1 0]    [0]
[1 1 1 1 1 0 0 0 0 0 1 0 1 1 1 0 0 0 0 1]    [0]