[[7985 1693]
 [2028 8294]]
Validation Avg: 0.813949997425
Train Avg: 0.93850000672


[0 1 0 1 1 1 1 1 1 0 0 1 0 0 0 1 0 0 0 1 0 1 1 1 1 1 0 0 0 1]    [0]
[0 1 1 0 1 0 1 0 0 1 1 0 0 0 0 1 1 1 0 1 0 0 0 0 0 1 0 1 0 0]    [0]
[1 1 1 0 1 1 1 1 0 1 0 0 1 1 0 0 1 1 0 0 1 0 1 1 1 0 1 1 0 1]    [1]
[1 0 0 0 0 0 1 0 1 1 1 0 1 1 0 0 1 1 0 1 0 1 1 0 0 0 0 1 0 1]    [0]
[1 1 1 1 0 0 0 1 1 1 1 1 1 0 1 1 0 0 0 1 0 0 1 1 0 0 1 0 0 1]    [1]
[0 0 1 0 0 1 0 1 0 0 1 1 0 1 0 0 0 0 0 1 1 0 1 0 0 1 0 1 1 1]    [1]
[1 0 1 1 0 1 0 1 0 1 0 0 0 0 0 1 1 1 0 1 0 1 0 1 1 0 1 0 1 1]    [0]
[0 0 1 0 0 0 1 0 1 1 1 1 1 0 1 0 1 0 0 1 1 0 0 0 0 0 1 0 0 0]    [0]
[0 0 1 0 1 1 1 1 0 1 0 1 1 0 1 1 0 1 1 1 0 1 1 1 0 0 1 0 0 1]    [0]
[1 0 1 0 0 1 1 0 1 1 1 0 0 1 0 1 0 0 1 0 1 1 1 0 1 1 1 0 0 0]    [0]
[1 1 1 0 0 1 1 0 1 0 0 1 0 1 0 1 1 0 1 0 0 1 0 0 0 1 0 1 1 1]    [0]