[[5223 5223]
 [4790 4764]]
Validation Avg: 0.499349996299
Train Avg: 0.677925001308


[1 0 0 1 0 1 1 0 1 0 1 0 1 1 1 1 1 1 0 0 0 0 0 1 0 1 0 0 1 1]    [0]
[0 0 1 1 0 0 1 1 1 1 0 1 1 0 0 0 1 1 0 1 1 1 0 1 0 1 1 0 1 0]    [1]
[0 1 0 1 1 1 1 1 1 0 0 1 0 0 0 1 0 0 0 1 0 1 1 1 1 1 0 0 0 1]    [0]
[0 1 0 0 1 0 1 1 0 1 0 0 0 1 0 1 0 1 1 1 0 0 0 0 0 0 1 1 0 0]    [0]
[0 0 1 1 1 0 0 0 1 0 0 0 1 0 0 1 0 0 1 1 1 0 0 1 0 1 1 1 0 0]    [1]
[0 1 1 0 1 1 1 1 1 1 0 1 1 0 0 0 0 0 1 1 1 1 0 0 1 0 0 0 1 1]    [1]
[0 1 1 0 1 1 0 1 0 1 1 1 0 0 1 0 0 0 1 0 1 1 0 0 0 1 1 0 1 0]    [1]
[0 1 1 0 1 0 1 0 0 1 1 0 0 0 0 1 1 1 0 1 0 0 0 0 0 1 0 1 0 0]    [0]
[0 1 0 0 1 0 0 1 0 0 0 0 0 1 1 1 1 0 0 0 0 0 1 0 1 1 1 1 0 0]    [0]
[1 1 1 0 0 0 0 0 1 1 1 0 0 1 1 0 1 0 0 1 0 0 1 0 1 1 1 0 1 0]    [1]
[1 0 0 0 0 0 1 0 1 1 1 0 1 1 0 0 1 1 0 1 0 1 1 0 0 0 0 1 0 1]    [0]