[[4349 4365]
 [5704 5582]]
Validation Avg: 0.641783331384
Train Avg: 0.642983331891


[1 0 1 1 1 0 1 0 1 0 1 0 1 0 0 0 0 1 1 0]    [0]
[1 0 1 1 1 0 1 0 0 1 0 0 0 1 0 0 1 0 1 1]    [0]
[1 0 1 0 0 1 0 1 0 0 0 0 0 1 0 0 0 0 0 1]    [0]
[1 1 1 1 1 1 1 0 0 0 1 1 0 1 0 0 0 1 1 1]    [1]
[1 0 0 1 0 1 0 1 0 0 0 1 1 0 0 1 0 1 0 1]    [1]
[1 0 0 1 0 1 0 0 1 1 0 1 1 0 1 1 1 1 1 1]    [1]
[0 0 1 0 0 0 1 0 1 1 1 1 1 0 1 1 0 0 0 0]    [1]
[1 1 1 1 1 0 1 1 0 1 0 0 1 1 0 1 1 1 1 1]    [1]
[0 0 1 0 1 0 1 0 0 1 0 0 0 0 0 1 1 1 1 0]    [0]
[0 1 0 0 1 1 1 0 0 1 1 0 0 1 1 1 0 0 1 1]    [1]
[1 0 0 0 0 1 1 1 0 1 1 1 1 1 1 0 0 0 1 0]    [1]