[[8922 2477]
 [1131 7470]]
Validation Avg: 0.819599999189
Train Avg: 0.81639999859


[1 0 0 1 0 1 0 1 0 0 0 1 1 0 0 1 0 1 0 1]    [1]
[0 0 1 0 0 0 1 0 1 1 1 1 1 0 1 1 0 0 0 0]    [1]
[1 0 1 0 0 1 0 1 1 1 1 1 0 1 0 1 1 1 0 1]    [1]
[1 1 1 1 1 0 1 1 0 1 0 0 1 1 0 1 1 1 1 1]    [1]
[0 1 0 0 1 1 1 0 0 1 1 0 0 1 1 1 0 0 1 1]    [1]
[0 0 1 0 1 1 1 0 0 1 0 1 0 0 0 1 0 0 0 1]    [0]
[1 0 0 1 1 1 1 1 0 0 0 1 1 1 1 1 0 1 0 1]    [1]
[1 1 1 1 0 1 0 1 0 1 1 0 1 0 0 1 0 1 1 1]    [1]
[1 0 0 0 0 1 0 1 0 0 1 0 1 1 0 0 0 0 0 1]    [1]
[1 0 1 0 1 1 1 1 0 0 1 1 1 1 0 0 0 1 0 0]    [1]
[1 0 1 0 0 0 1 0 1 1 1 1 1 0 0 1 0 1 1 1]    [0]