[[5880 3643]
 [4173 6304]]
Validation Avg: 0.714399999231
Train Avg: 0.70714374898


[1 0 1 1 1 0 1 0 0 1 0 0 0 1 0 0 1 0 1 1]    [0]
[1 0 1 0 0 1 0 1 0 0 0 0 0 1 0 0 0 0 0 1]    [0]
[1 0 0 1 0 1 0 1 0 0 0 1 1 0 0 1 0 1 0 1]    [1]
[1 0 0 1 0 1 0 0 1 1 0 1 1 0 1 1 1 1 1 1]    [1]
[0 0 0 0 1 1 1 1 1 1 1 1 1 1 1 0 1 1 1 0]    [0]
[1 1 0 1 0 0 1 0 1 1 0 1 0 1 0 1 1 1 0 0]    [1]
[1 0 1 0 0 1 0 1 1 1 1 1 0 1 0 1 1 1 0 1]    [1]
[1 0 0 1 1 1 1 1 1 1 0 0 0 1 0 1 1 1 1 1]    [0]
[1 1 1 1 0 1 1 1 0 0 0 0 0 1 1 1 1 1 1 0]    [1]
[0 0 1 0 1 1 1 0 0 1 0 1 0 0 0 1 0 0 0 1]    [0]
[0 0 0 0 0 1 1 1 1 1 1 1 1 0 0 0 0 1 1 1]    [1]