[[39 84]
 [54 28]]
Validation Avg: 0.326829271346
Train Avg: 0.583638585604


[[0]
 [0]
 [1]
 [1]
 [0]
 [1]
 [0]
 [1]
 [1]
 [0]]    [1]
[[1]
 [1]
 [1]
 [1]
 [1]
 [1]
 [1]
 [0]
 [0]
 [0]]    [1]
[[0]
 [1]
 [0]
 [0]
 [1]
 [0]
 [0]
 [0]
 [0]
 [1]]    [1]
[[0]
 [0]
 [1]
 [0]
 [1]
 [0]
 [1]
 [0]
 [1]
 [0]]    [0]
[[1]
 [1]
 [0]
 [1]
 [1]
 [1]
 [1]
 [0]
 [0]
 [1]]    [1]
[[0]
 [0]
 [1]
 [0]
 [0]
 [1]
 [1]
 [1]
 [0]
 [1]]    [1]
[[1]
 [0]
 [0]
 [1]
 [1]
 [1]
 [0]
 [0]
 [0]
 [1]]    [1]
[[0]
 [0]
 [1]
 [0]
 [1]
 [0]
 [0]
 [0]
 [0]
 [0]]    [0]
[[0]
 [0]
 [1]
 [0]
 [1]
 [0]
 [1]
 [1]
 [1]
 [1]]    [0]
[[1]
 [0]
 [1]
 [1]
 [1]
 [1]
 [1]
 [0]
 [1]
 [0]]    [1]
[[0]
 [0]
 [1]
 [1]
 [1]
 [0]
 [0]
 [0]
 [1]
 [0]]    [0]