[[84 62]
 [ 9 50]]
Validation Avg: 0.653658528517
Train Avg: 0.786324769077


[[1]
 [1]
 [1]
 [1]
 [1]
 [1]
 [1]
 [0]
 [0]
 [0]]    [1]
[[0]
 [1]
 [0]
 [0]
 [1]
 [0]
 [0]
 [0]
 [0]
 [1]]    [1]
[[1]
 [1]
 [0]
 [1]
 [1]
 [1]
 [1]
 [0]
 [0]
 [1]]    [1]
[[0]
 [0]
 [0]
 [0]
 [0]
 [1]
 [0]
 [1]
 [0]
 [1]]    [1]
[[0]
 [0]
 [1]
 [0]
 [0]
 [1]
 [1]
 [1]
 [0]
 [1]]    [1]
[[0]
 [0]
 [1]
 [0]
 [1]
 [0]
 [1]
 [1]
 [1]
 [1]]    [0]
[[1]
 [0]
 [1]
 [1]
 [1]
 [1]
 [1]
 [0]
 [1]
 [0]]    [1]
[[0]
 [1]
 [0]
 [0]
 [0]
 [0]
 [1]
 [1]
 [1]
 [1]]    [1]
[[0]
 [0]
 [0]
 [1]
 [0]
 [1]
 [0]
 [1]
 [1]
 [1]]    [1]
[[0]
 [0]
 [0]
 [1]
 [0]
 [0]
 [1]
 [0]
 [0]
 [1]]    [1]
[[0]
 [1]
 [1]
 [1]
 [1]
 [1]
 [0]
 [0]
 [0]
 [0]]    [1]