[[9749 1898]
 [ 307 8046]]
Validation Avg: 0.904600000829
Train Avg: 0.899231251143


[0 0 1 1 1 1 1 0 1 0 1 1 1 0 1 0 1 0 0 0]    [1]
[1 0 1 1 1 0 1 0 1 1 0 1 0 1 1 0 0 1 1 1]    [1]
[1 1 1 0 1 1 0 1 1 1 1 1 0 1 0 0 0 1 1 0]    [1]
[1 0 1 1 0 1 1 1 0 0 1 1 1 1 1 1 1 1 0 1]    [1]
[1 1 1 0 1 0 1 1 1 0 1 0 0 1 1 0 0 0 1 0]    [1]
[1 0 0 1 1 0 0 0 0 0 0 0 0 0 1 1 0 1 0 1]    [1]
[0 0 0 1 1 1 0 0 1 1 0 0 1 0 1 1 0 1 0 0]    [1]
[1 0 1 0 1 1 0 0 1 1 1 0 0 0 0 0 1 1 1 0]    [0]
[0 1 1 0 0 1 1 1 0 1 1 1 1 0 1 1 1 0 0 0]    [0]
[1 1 1 1 1 0 1 1 1 1 1 1 1 1 0 1 0 1 0 0]    [1]
[0 1 1 1 0 1 1 1 0 0 1 0 1 1 0 1 1 1 0 1]    [1]