[[8672  227]
 [1384 9717]]
Validation Avg: 0.919450001121
Train Avg: 0.920450001508


[0 1 0 1 1 0 0 1 1 1 1 1 0 1 0 0 1 1 0 1]    [0]
[1 0 1 1 1 0 0 0 1 0 1 1 0 1 0 0 1 0 0 1]    [0]
[0 1 0 1 0 0 1 1 1 0 1 0 0 0 0 0 1 0 1 0]    [0]
[0 1 0 1 1 1 0 1 1 1 1 0 0 1 1 1 1 1 0 1]    [0]
[0 0 1 0 0 1 1 0 1 0 1 1 1 1 0 1 0 1 1 1]    [0]
[1 0 0 0 1 0 1 0 1 1 0 1 1 1 1 1 0 1 0 1]    [0]
[0 0 0 0 0 0 1 0 0 0 0 1 1 0 1 1 0 1 1 0]    [1]
[1 0 1 1 0 0 0 1 0 1 1 1 1 0 0 0 1 0 1 0]    [0]
[0 1 0 1 1 1 0 1 0 0 1 0 0 0 1 0 0 1 0 0]    [0]
[0 1 0 1 0 1 1 0 0 0 1 0 0 0 0 1 1 1 1 1]    [0]
[1 1 0 0 0 0 0 0 1 1 0 1 1 0 0 0 0 1 1 0]    [0]