[[5411 4333]
 [4645 5611]]
Validation Avg: 0.786766665826
Train Avg: 0.788783333475


[1 0 1 1 1 0 1 0 0 1 1 0 1 1 0 1 0 1 1 1]    [1]
[0 1 1 1 0 0 1 0 0 1 0 1 0 0 1 1 0 1 1 0]    [0]
[1 0 1 0 0 0 1 1 0 0 0 0 1 0 1 1 0 1 1 1]    [0]
[0 0 0 0 1 0 0 0 1 0 1 0 0 0 1 1 1 0 0 0]    [0]
[0 1 0 1 1 0 0 1 1 1 1 1 0 1 0 0 1 1 0 1]    [0]
[0 1 0 1 0 1 1 1 1 1 1 0 1 0 1 0 1 0 1 0]    [0]
[1 0 1 1 0 1 1 1 0 0 1 1 1 1 1 1 1 1 0 1]    [1]
[0 0 0 0 1 1 0 0 1 1 0 0 1 0 0 1 0 0 1 1]    [0]
[1 1 0 0 0 0 0 0 0 1 1 1 1 1 0 0 0 1 1 0]    [1]
[1 1 1 0 1 0 1 1 1 0 1 0 0 1 1 0 0 0 1 0]    [1]
[0 0 0 1 0 0 1 0 0 0 1 0 1 1 1 1 1 0 0 0]    [0]