[[7827 4914]
 [2170 5089]]
Validation Avg: 0.645800000727
Train Avg: 0.639962500557


[1 0 0 0 0 1 0 0 1 1 1 0 0 1 1 0 0 1 1 1]    [0]
[0 0 1 0 1 1 1 1 0 0 0 1 0 0 0 1 0 1 0 1]    [1]
[0 0 0 1 0 0 0 0 1 0 1 0 1 0 0 0 1 0 0 0]    [1]
[0 1 1 0 1 0 0 1 1 1 1 0 0 0 1 0 0 1 1 1]    [1]
[0 1 0 0 1 0 0 0 0 0 0 0 1 1 0 0 1 0 0 0]    [1]
[0 1 0 0 0 1 1 1 1 0 0 0 0 1 1 1 0 1 0 0]    [1]
[0 0 1 1 0 0 0 1 0 0 0 0 0 0 1 0 0 1 0 1]    [0]
[1 1 0 0 0 0 1 0 0 1 1 1 1 0 0 0 1 1 1 0]    [0]
[0 1 1 1 0 1 0 0 1 1 1 1 1 0 0 0 1 0 0 0]    [0]
[0 1 1 1 1 0 1 0 0 1 1 1 1 0 1 1 1 0 1 1]    [0]
[0 0 0 0 0 0 1 1 0 0 0 0 1 0 1 0 0 0 1 0]    [1]