[[9660  234]
 [ 337 9769]]
Validation Avg: 0.971450008452
Train Avg: 0.955212505087


[0 1 1 1 1 1 1 0 1 1 0 1 1 0 0 0 0 0 0 0]    [0]
[1 0 1 1 0 0 1 1 1 1 1 0 0 1 1 0 1 1 1 0]    [1]
[0 0 0 0 1 0 1 1 1 0 0 1 1 1 1 1 0 1 1 1]    [0]
[1 1 1 0 0 1 1 1 0 0 0 1 1 0 1 0 1 1 0 1]    [0]
[1 0 0 0 0 0 1 0 0 1 0 0 0 0 1 1 0 1 1 0]    [1]
[1 0 0 0 0 0 1 1 1 0 0 1 1 1 1 1 1 1 0 1]    [0]
[0 1 1 1 1 1 1 1 1 0 1 1 1 0 0 1 1 1 1 1]    [0]
[1 1 1 0 0 1 1 1 0 1 0 1 0 1 0 1 1 1 0 1]    [1]
[0 1 1 0 0 0 1 0 0 0 1 1 0 1 0 0 0 0 1 0]    [1]
[1 1 1 0 0 1 0 1 0 0 0 1 1 1 1 1 1 0 0 1]    [0]
[0 0 0 1 1 1 0 0 1 0 0 0 1 0 1 1 1 0 0 0]    [0]