[[8237  926]
 [1760 9077]]
Validation Avg: 0.865700000226
Train Avg: 0.817299998254


[0 0 0 1 1 0 1 0 0 0 1 1 0 1 0 1 0 0 0 1]    [0]
[0 0 0 1 1 1 0 1 1 1 1 0 0 1 1 1 1 0 0 0]    [1]
[1 1 1 0 1 0 1 0 0 1 0 1 0 0 0 0 0 0 1 0]    [0]
[1 0 0 0 1 0 0 1 0 0 0 1 1 1 1 0 1 0 0 1]    [1]
[1 1 0 1 0 1 0 1 0 1 0 0 0 1 0 0 1 0 1 1]    [0]
[1 0 0 0 1 0 0 0 1 1 1 0 0 0 0 1 1 0 0 1]    [0]
[1 0 0 0 0 0 0 0 1 1 1 1 0 1 0 1 1 0 1 1]    [0]
[0 0 0 1 1 0 1 1 1 0 1 1 0 0 0 1 1 0 0 1]    [0]
[1 1 0 1 0 0 0 1 1 0 1 1 1 1 1 0 1 0 0 1]    [0]
[0 0 0 0 1 1 1 1 0 0 0 1 1 0 0 0 1 1 1 1]    [0]
[0 1 0 1 0 1 1 0 0 1 0 1 1 0 0 1 0 0 1 1]    [0]