[[9488  349]
 [ 509 9654]]
Validation Avg: 0.957100003064
Train Avg: 0.928337500766


[0 1 1 1 1 0 1 0 0 1 1 1 1 0 1 1 1 0 1 1]    [0]
[0 1 1 0 0 1 0 1 1 1 0 1 0 0 1 1 1 0 0 0]    [0]
[1 1 1 1 1 0 0 1 0 0 0 1 1 1 1 1 1 1 0 1]    [0]
[0 1 0 0 1 1 0 1 0 0 0 1 0 0 1 0 1 0 0 1]    [0]
[1 1 1 1 0 0 1 1 1 1 0 0 1 0 1 1 1 0 1 1]    [0]
[1 1 1 0 1 1 0 1 0 1 0 1 1 1 0 0 0 0 1 0]    [1]
[1 0 1 1 1 1 0 0 1 0 1 0 1 1 1 1 0 1 0 1]    [1]
[0 1 1 1 1 1 0 0 0 0 1 1 1 1 1 1 1 0 1 1]    [0]
[1 1 1 1 0 1 1 0 1 1 0 0 1 1 0 1 0 1 0 0]    [0]
[0 0 1 1 1 1 1 1 0 1 0 1 1 1 1 0 1 0 1 1]    [0]
[0 1 0 1 0 0 1 0 0 0 0 1 0 0 1 0 1 0 0 1]    [1]