[[8672 2955]
 [1325 7048]]
Validation Avg: 0.785999998748
Train Avg: 0.764649998657


[1 0 0 0 0 1 0 0 1 1 1 0 0 1 1 0 0 1 1 1]    [0]
[1 1 1 1 1 1 0 1 0 1 0 0 0 0 1 0 0 0 1 1]    [1]
[0 0 1 0 1 1 0 1 1 1 1 0 1 1 1 1 1 1 0 1]    [0]
[0 0 0 1 0 0 0 0 1 0 1 0 1 0 0 0 1 0 0 0]    [1]
[0 1 1 0 1 0 0 1 1 1 1 0 0 0 1 0 0 1 1 1]    [1]
[0 1 0 0 0 1 1 1 1 0 0 0 0 1 1 1 0 1 0 0]    [1]
[0 1 0 1 0 1 0 1 1 1 0 0 1 1 0 0 0 0 1 1]    [0]
[1 1 0 0 1 0 1 1 1 1 0 0 1 0 0 0 0 1 1 1]    [1]
[1 1 0 0 0 0 0 0 1 0 0 0 0 1 1 1 1 1 0 0]    [0]
[1 0 0 0 1 0 0 0 0 1 0 0 1 1 1 0 1 1 1 0]    [1]
[0 0 1 1 1 1 1 0 0 1 0 1 0 0 0 0 1 1 0 0]    [1]