[[9914  603]
 [  83 9400]]
Validation Avg: 0.965700003505
Train Avg: 0.954525004625


[0 1 1 0 1 0 0 1 1 0 1 0 0 0 1 1 0 0 0 1]    [1]
[1 0 0 0 0 1 1 1 1 0 0 0 1 1 0 0 1 0 1 0]    [1]
[0 1 0 1 1 0 0 0 1 1 0 1 1 0 0 1 1 0 1 1]    [1]
[1 1 1 0 1 1 1 1 1 0 1 1 1 1 1 1 1 0 0 0]    [1]
[0 0 1 1 1 1 0 0 1 0 0 1 0 0 1 1 1 0 1 0]    [0]
[0 0 0 1 1 1 1 1 1 0 0 0 0 1 1 0 1 0 1 1]    [1]
[1 1 1 1 1 0 1 0 0 0 0 1 1 1 1 0 0 0 1 1]    [0]
[1 0 1 1 0 1 0 0 0 1 1 1 0 1 1 1 0 0 0 1]    [1]
[1 0 1 0 0 1 1 1 1 0 1 1 0 1 0 0 0 1 0 1]    [1]
[1 1 0 0 1 1 1 1 0 1 0 1 0 0 0 0 0 0 0 1]    [1]
[0 0 0 1 0 0 0 0 1 0 0 1 1 1 0 1 0 0 1 0]    [1]