[[7303 7289]
 [2694 2714]]
Validation Avg: 0.500849995315
Train Avg: 0.510324996635


[0 0 0 1 0 1 1 1 1 1 1 1 0 1 0 0 1 1 0 0]    [1]
[1 1 1 0 1 1 0 0 0 0 0 1 1 0 0 0 1 1 1 1]    [1]
[1 1 0 1 1 0 0 0 1 0 0 0 0 0 0 0 0 1 1 1]    [0]
[0 1 0 1 0 0 1 0 1 0 1 0 0 0 0 0 0 0 0 0]    [1]
[0 1 1 0 1 1 0 0 0 1 1 1 1 0 0 1 1 1 1 1]    [1]
[0 1 1 0 1 1 0 0 0 1 0 1 0 0 1 1 0 0 0 0]    [0]
[1 1 0 1 0 1 1 0 1 0 0 1 0 0 0 0 0 0 0 0]    [1]
[1 0 0 1 0 1 0 1 1 1 0 0 1 0 1 1 1 0 1 1]    [0]
[0 0 0 1 0 0 1 0 0 0 0 1 0 1 1 0 1 0 1 0]    [1]
[0 0 0 1 1 1 0 1 0 0 1 0 0 0 0 1 1 1 1 0]    [1]
[1 0 0 0 1 1 0 1 1 1 1 0 1 1 1 1 0 1 0 1]    [1]