[[6161 6256]
 [3836 3747]]
Validation Avg: 0.498124996796
Train Avg: 0.510212497022


[1 1 1 0 1 1 0 0 0 0 0 1 1 0 0 0 1 1 1 1]    [1]
[1 1 0 1 1 0 0 0 1 0 0 0 0 0 0 0 0 1 1 1]    [0]
[0 1 1 0 1 1 0 0 0 1 1 1 1 0 0 1 1 1 1 1]    [1]
[0 1 1 0 1 1 0 0 0 1 0 1 0 0 1 1 0 0 0 0]    [0]
[1 0 0 1 1 1 1 0 1 1 1 1 1 0 0 0 0 0 0 0]    [0]
[1 0 0 1 0 1 0 1 1 1 0 0 1 0 1 1 1 0 1 1]    [0]
[0 0 0 1 0 0 1 0 0 0 0 1 0 1 1 0 1 0 1 0]    [1]
[0 0 0 1 1 1 0 1 0 0 1 0 0 0 0 1 1 1 1 0]    [1]
[1 1 1 1 0 1 0 1 0 0 1 1 0 1 0 0 0 1 1 1]    [0]
[1 0 0 1 1 1 1 0 1 1 1 0 0 1 1 0 0 0 1 1]    [0]
[1 0 0 0 1 1 0 1 1 1 1 0 1 1 1 1 0 1 0 1]    [1]