[[3941 3938]
 [6056 6065]]
Validation Avg: 0.498849997073
Train Avg: 0.509079163795


[0 0 0 1 0 1 1 1 1 1 1 1 0 1 0 0 1 1 0 0]    [1]
[1 1 1 0 1 1 0 0 0 0 0 1 1 0 0 0 1 1 1 1]    [1]
[1 1 0 1 1 0 0 0 1 0 0 0 0 0 0 0 0 1 1 1]    [0]
[0 1 1 0 1 1 0 0 0 1 1 1 1 0 0 1 1 1 1 1]    [1]
[1 0 0 1 1 1 1 0 1 1 1 1 1 0 0 0 0 0 0 0]    [0]
[1 0 0 1 0 1 0 1 1 1 0 0 1 0 1 1 1 0 1 1]    [0]
[0 0 0 1 0 0 0 1 1 0 0 1 0 0 0 0 1 1 1 1]    [0]
[1 0 0 1 0 0 0 1 0 0 1 0 1 1 1 0 0 1 0 0]    [0]
[1 0 1 0 0 0 1 1 1 0 0 1 0 1 1 1 0 1 0 0]    [0]
[1 0 0 0 1 1 0 0 0 0 0 0 0 0 1 0 1 0 0 1]    [0]
[1 1 1 1 0 1 0 1 0 0 1 1 0 1 0 0 0 1 1 1]    [0]