[[8377  863]
 [1478 9282]]
Validation Avg: 0.933316670159
Train Avg: 0.927229168713


[0 1 0 0 1 0 1 1 0 1 0 0 1 1 1 0 0 1 0 1]    [0]
[1 0 0 0 0 1 0 1 0 0 0 0 0 1 0 0 1 1 1 1]    [0]
[0 1 0 0 0 1 1 0 1 1 1 0 0 0 1 0 1 0 0 0]    [0]
[0 0 1 0 1 0 1 1 0 1 1 0 0 0 1 0 1 1 0 1]    [0]
[1 1 1 1 0 0 1 0 0 1 0 0 0 0 0 1 1 1 0 0]    [1]
[1 1 0 0 0 0 1 1 1 1 0 0 0 1 1 0 1 0 1 1]    [1]
[1 1 0 1 0 0 1 0 0 1 0 0 1 1 0 0 1 1 0 0]    [1]
[1 0 1 0 0 0 1 0 0 0 0 0 0 1 0 0 0 1 1 1]    [1]
[1 1 0 0 1 1 1 0 0 1 1 0 1 1 1 1 1 0 0 1]    [1]
[0 0 1 1 0 1 0 0 0 1 1 0 0 1 1 0 0 1 0 0]    [0]
[0 1 1 0 1 1 1 0 0 1 0 0 0 1 0 1 1 0 1 0]    [0]