[[ 9544   138]
 [  311 10007]]
Validation Avg: 0.958500005603
Train Avg: 0.949637503065


[1 1 0 0 1 1 0 1 1 1 1 1 1 1 1 1 1 1 0 1]    [0]
[0 0 1 0 0 0 0 0 1 1 0 1 1 1 0 1 1 1 0 1]    [0]
[1 1 0 0 1 0 0 1 0 1 0 1 1 1 1 1 1 1 1 1]    [0]
[0 1 1 0 0 1 0 0 1 0 1 1 1 1 1 1 1 1 0 0]    [0]
[0 1 1 0 1 0 0 0 0 1 0 0 0 1 1 1 1 1 0 1]    [0]
[0 0 0 0 0 1 0 0 1 0 1 1 1 1 1 1 1 0 0 1]    [0]
[0 0 0 0 1 0 0 0 1 0 0 0 1 0 0 1 1 1 1 1]    [0]
[0 1 1 1 1 1 0 0 0 0 1 0 1 1 1 1 1 1 0 1]    [1]
[1 1 1 1 0 1 1 1 0 0 1 0 0 1 0 0 0 1 1 0]    [1]
[0 0 0 1 1 0 1 0 1 0 0 1 0 1 1 1 1 1 1 1]    [0]
[0 1 1 0 1 0 1 0 1 0 0 1 0 0 1 1 0 1 0 1]    [0]