[[9217  573]
 [ 638 9572]]
Validation Avg: 0.939450001717
Train Avg: 0.945137501583


[1 1 0 0 0 1 0 0 0 0 1 1 1 1 0 0 0 1 1 1]    [0]
[0 0 0 0 0 1 1 1 0 1 1 1 0 1 0 1 0 0 0 1]    [1]
[1 1 0 1 0 0 0 0 0 0 1 0 0 1 1 1 0 0 0 1]    [0]
[1 0 1 0 1 0 1 1 0 0 0 0 1 0 1 0 1 0 1 0]    [1]
[1 1 1 1 1 0 1 0 1 0 1 0 1 0 0 0 1 0 0 0]    [0]
[1 0 1 0 0 0 1 1 1 0 0 0 1 1 1 0 1 1 1 0]    [1]
[1 0 1 1 1 1 1 0 1 0 0 0 0 1 0 0 1 1 1 0]    [1]
[0 0 0 0 0 1 1 0 1 1 1 1 0 1 1 1 0 0 1 1]    [1]
[1 1 0 0 0 1 1 0 0 1 1 0 1 0 1 1 0 0 1 1]    [1]
[0 0 0 0 0 1 0 0 1 1 1 0 0 1 1 1 1 1 1 0]    [0]
[1 0 0 1 1 1 0 0 0 1 1 1 0 1 0 1 1 0 1 1]    [0]