[[8500 3490]
 [1409 6601]]
Validation Avg: 0.755050001144
Train Avg: 0.735637501031


[0 0 0 0 1 0 0 0 1 0 0 1 0 1 1 0 1 1 0 1]    [0]
[1 0 1 0 1 0 1 0 1 0 0 1 1 1 1 1 1 1 0 0]    [0]
[1 1 0 0 1 1 0 0 0 1 0 1 1 0 1 1 0 1 0 1]    [1]
[0 1 0 1 0 1 0 0 1 1 1 0 1 1 1 1 1 1 0 0]    [0]
[0 0 1 1 0 0 0 1 0 1 0 1 1 1 0 0 1 1 0 1]    [0]
[0 0 1 0 1 0 0 0 0 1 1 0 0 0 1 1 0 1 1 1]    [1]
[1 0 0 1 1 0 0 1 0 0 0 0 1 0 0 1 0 1 1 1]    [1]
[0 0 1 1 1 0 1 0 0 0 1 0 1 1 0 1 0 1 0 1]    [0]
[0 1 1 1 0 1 1 1 0 0 0 1 1 1 0 0 0 1 0 1]    [1]
[1 0 1 0 0 0 0 1 0 1 0 1 0 1 0 0 0 1 1 1]    [1]
[1 0 0 1 0 1 0 1 1 0 0 1 1 1 1 1 0 1 1 1]    [1]