[[6662  528]
 [3247 9563]]
Validation Avg: 0.821583333015
Train Avg: 0.808316667378


[0 0 0 0 1 0 0 0 1 0 0 1 0 1 1 0 1 1 0 1]    [0]
[1 0 1 0 1 0 1 0 1 0 0 1 1 1 1 1 1 1 0 0]    [0]
[0 0 1 1 0 0 0 1 0 1 0 1 1 1 0 0 1 1 0 1]    [0]
[0 0 1 1 1 0 1 0 0 0 1 0 1 1 0 1 0 1 0 1]    [0]
[1 0 0 1 1 1 1 1 0 0 0 1 0 1 1 0 0 0 0 1]    [0]
[0 1 0 0 1 0 1 0 0 1 0 0 1 0 1 0 0 1 0 1]    [0]
[0 1 1 0 1 0 0 1 1 0 0 1 0 0 1 1 1 0 0 1]    [0]
[0 0 0 0 0 1 0 1 1 1 1 1 0 0 1 0 0 1 1 0]    [1]
[0 1 1 1 0 0 0 1 0 0 0 0 0 1 1 0 0 1 0 1]    [0]
[1 0 0 0 1 0 1 0 0 1 0 1 0 1 0 0 0 0 1 1]    [0]
[0 0 0 0 0 1 0 0 1 1 1 0 0 0 0 0 0 1 0 1]    [0]