[[9176 1298]
 [ 733 8793]]
Validation Avg: 0.826750000864
Train Avg: 0.817456251122


[1 0 0 1 0 1 0 1 1 0 1 0 1 1 0 0 0 1 1 1]    [1]
[0 0 1 0 0 1 1 1 0 1 0 1 0 0 1 1 0 0 0 0]    [0]
[1 1 0 0 1 1 0 0 0 1 0 1 1 0 1 1 0 1 0 1]    [1]
[0 0 1 1 0 0 0 1 0 1 0 1 1 1 0 0 1 1 0 1]    [0]
[1 1 0 1 1 1 1 0 0 0 0 1 1 0 1 0 1 0 0 1]    [1]
[1 0 0 1 1 1 1 1 0 0 0 1 0 1 1 0 0 0 0 1]    [0]
[1 0 1 0 0 0 0 1 0 1 0 1 0 1 0 0 0 1 1 1]    [1]
[1 0 1 1 0 1 0 0 0 0 1 0 1 1 0 1 0 0 1 0]    [1]
[0 1 1 0 1 0 0 1 1 0 0 1 0 0 1 1 1 0 0 1]    [0]
[1 1 0 1 0 0 0 1 1 1 1 0 1 0 1 0 1 0 1 0]    [1]
[1 0 1 1 0 1 0 1 0 1 0 0 1 1 0 0 1 1 0 0]    [0]