[[4841 4574]
 [5133 5452]]
Validation Avg: 0.514649995863
Train Avg: 0.537849996574


[1 1 1 0 1 1 1 0 1 1 0 0 1 1 1 0 0 1 0 1]    [1]
[1 0 1 0 0 0 0 1 0 0 1 1 1 1 0 0 0 1 1 1]    [0]
[1 0 0 1 1 0 1 1 1 0 0 0 0 1 0 1 0 0 0 0]    [0]
[0 1 0 1 1 1 0 0 1 1 0 1 0 1 1 1 0 0 0 0]    [0]
[1 1 0 1 1 1 1 1 1 1 1 1 1 1 0 1 1 0 1 0]    [0]
[1 0 1 1 1 1 1 1 0 1 0 1 1 1 1 1 1 0 1 1]    [0]
[1 0 0 0 1 0 1 1 0 0 1 1 1 1 1 0 1 1 1 0]    [0]
[0 0 0 1 0 0 1 1 0 1 0 0 0 1 1 1 1 0 0 1]    [1]
[0 1 1 0 0 0 1 1 0 0 1 1 0 1 1 1 1 0 0 1]    [1]
[0 0 0 0 1 0 0 1 1 0 0 0 1 0 1 0 1 0 1 0]    [1]
[0 1 0 0 0 1 0 0 1 1 0 1 0 1 0 0 1 1 0 1]    [1]