[[8320 1249]
 [1654 8777]]
Validation Avg: 0.767316666047
Train Avg: 0.776141666186


[1 1 0 1 1 1 1 1 1 1 1 1 1 1 0 1 1 0 1 0]    [0]
[0 0 0 0 0 0 1 1 0 0 1 1 0 0 0 0 1 0 1 1]    [1]
[0 1 1 0 0 0 1 1 0 0 1 1 0 1 1 1 1 0 0 1]    [1]
[1 0 1 1 1 0 1 1 0 0 1 1 0 0 0 1 1 1 0 0]    [1]
[0 0 0 1 0 1 1 1 0 0 1 1 1 1 1 0 0 1 1 0]    [1]
[1 0 0 1 0 0 1 0 0 1 1 0 0 0 0 0 1 1 1 0]    [0]
[1 0 0 0 0 0 1 1 0 0 0 1 1 0 0 1 1 0 0 1]    [0]
[1 1 0 1 0 0 0 1 0 0 1 1 1 0 1 1 1 0 0 1]    [1]
[0 1 1 0 1 0 1 1 0 1 0 0 0 1 1 1 1 1 1 0]    [0]
[1 0 1 1 1 0 1 1 0 0 0 0 1 0 1 0 1 1 1 1]    [0]
[0 1 1 1 0 0 1 0 1 0 0 1 0 0 0 0 1 1 0 0]    [0]