[[8969  346]
 [1005 9680]]
Validation Avg: 0.723549999446
Train Avg: 0.739256249461


[1 1 0 1 0 0 0 1 0 0 1 1 1 0 1 1 1 0 0 1]    [1]
[1 0 0 0 0 0 1 0 0 0 0 1 0 1 1 0 1 0 1 1]    [0]
[1 1 1 1 0 0 1 0 1 0 0 0 1 0 1 1 1 1 0 1]    [0]
[0 1 1 1 0 1 0 1 0 1 0 0 1 0 0 0 0 1 0 0]    [0]
[1 0 0 1 0 0 1 0 0 0 1 0 0 0 1 1 1 0 1 0]    [0]
[1 1 1 1 0 0 0 1 1 1 0 0 1 1 0 0 1 1 1 0]    [0]
[1 0 0 0 0 0 1 0 1 0 1 1 1 0 1 0 1 1 1 1]    [1]
[0 0 1 1 1 0 0 1 1 1 1 0 1 1 0 0 0 1 1 1]    [0]
[1 0 0 1 0 1 1 0 1 0 1 0 1 0 0 1 1 0 0 0]    [1]
[1 0 1 0 0 0 1 1 1 1 1 1 1 0 1 0 1 0 1 0]    [0]
[1 1 1 0 1 0 1 0 1 0 1 1 1 0 0 1 1 1 0 0]    [0]