[[4986 5085]
 [5046 4883]]
Validation Avg: 0.493449997157
Train Avg: 0.527087496556


[0 0 0 1 1 0 0 0 1 0 0 1 1 0 0 1 0 1 0 1]    [0]
[1 1 0 0 1 1 0 1 1 1 1 0 0 1 1 0 1 1 1 0]    [1]
[0 1 0 0 1 1 1 1 1 0 1 1 0 1 1 0 1 1 0 0]    [0]
[0 1 0 1 0 1 0 0 1 1 0 1 0 1 0 0 1 0 0 0]    [0]
[1 1 1 0 0 0 1 1 0 0 1 0 0 0 0 0 1 0 1 0]    [0]
[1 1 0 0 1 1 1 1 0 1 0 0 0 1 1 1 0 0 1 1]    [0]
[1 0 1 1 0 0 1 0 0 0 1 1 0 1 1 0 1 1 0 0]    [0]
[0 1 0 0 0 0 0 0 1 1 1 1 0 1 0 0 1 0 0 1]    [0]
[1 0 0 0 1 0 0 1 0 1 1 1 0 1 1 1 1 0 1 1]    [0]
[1 1 1 0 0 0 1 0 1 0 0 1 0 0 0 1 1 0 0 1]    [1]
[0 0 1 0 1 1 1 1 0 1 0 1 1 1 0 1 0 0 0 1]    [1]