[[8103 8024]
 [1929 1944]]
Validation Avg: 0.502349997461
Train Avg: 0.514737496823


[0 1 0 0 1 0 1 0 1 1 1 0 0 0 1 1 1 0 1 1]    [1]
[1 1 0 0 1 1 0 1 1 1 1 0 0 1 1 0 1 1 1 0]    [1]
[0 1 0 0 1 1 1 1 1 0 1 1 0 1 1 0 1 1 0 0]    [0]
[0 0 1 0 0 1 1 1 1 0 1 0 0 0 1 0 1 0 1 0]    [1]
[0 1 0 1 0 1 0 0 1 1 0 1 0 1 0 0 1 0 0 0]    [0]
[0 0 1 1 0 1 1 0 0 1 1 0 0 1 0 1 1 0 0 0]    [1]
[0 1 0 1 0 0 0 0 1 1 1 0 1 1 0 1 1 1 0 0]    [0]
[1 0 1 0 0 0 0 0 0 0 1 0 0 1 0 0 1 1 1 0]    [1]
[0 0 1 0 1 1 1 0 0 1 0 1 1 1 0 0 1 0 1 1]    [1]
[1 1 1 0 0 0 1 0 1 0 0 1 0 0 0 1 1 0 0 1]    [1]
[1 1 1 1 0 0 0 1 1 1 1 1 1 0 1 1 0 0 1 0]    [1]