[[3768 3726]
 [6264 6242]]
Validation Avg: 0.498133330146
Train Avg: 0.52552499678


[0 0 0 1 1 0 0 0 1 0 0 1 1 0 0 1 0 1 0 1]    [0]
[0 1 0 0 1 1 1 1 1 0 1 1 0 1 1 0 1 1 0 0]    [0]
[0 1 1 1 0 1 1 1 1 0 1 0 1 1 0 1 0 1 1 1]    [0]
[0 1 0 1 0 1 0 0 1 1 0 1 0 1 0 0 1 0 0 0]    [0]
[1 1 1 0 1 1 0 0 0 1 1 1 0 0 1 0 1 0 0 0]    [0]
[1 1 0 0 1 1 1 1 0 1 0 0 0 1 1 1 0 0 1 1]    [0]
[1 0 1 0 0 0 0 0 0 0 1 0 0 1 0 0 1 1 1 0]    [1]
[1 0 1 1 0 0 1 0 0 0 1 1 0 1 1 0 1 1 0 0]    [0]
[0 0 0 1 0 1 0 0 0 0 1 1 0 0 1 0 1 1 1 0]    [0]
[0 1 0 0 0 0 0 0 1 1 1 1 0 1 0 0 1 0 0 1]    [0]
[1 0 0 0 1 0 0 1 0 1 1 1 0 1 1 1 1 0 1 1]    [0]