[[4058 4163]
 [5974 5805]]
Validation Avg: 0.494649997279
Train Avg: 0.521781247258


[1 1 0 1 0 0 0 0 1 1 0 0 0 0 1 0 0 0 1 1]    [0]
[0 0 0 1 1 0 0 0 1 0 0 1 1 0 0 1 0 1 0 1]    [0]
[0 1 0 0 1 0 1 0 1 1 1 0 0 0 1 1 1 0 1 1]    [1]
[1 1 0 0 1 1 0 1 1 1 1 0 0 1 1 0 1 1 1 0]    [1]
[0 1 0 0 1 1 1 1 1 0 1 1 0 1 1 0 1 1 0 0]    [0]
[0 1 1 1 0 1 1 1 1 0 1 0 1 1 0 1 0 1 1 1]    [0]
[1 1 1 0 1 1 0 0 0 1 1 1 0 0 1 0 1 0 0 0]    [0]
[1 1 1 0 0 0 1 1 0 0 1 0 0 0 0 0 1 0 1 0]    [0]
[1 0 1 0 0 0 0 0 0 0 1 0 0 1 0 0 1 1 1 0]    [1]
[1 0 1 1 0 0 1 0 0 0 1 1 0 1 1 0 1 1 0 0]    [0]
[1 0 0 0 1 0 0 1 0 1 1 1 0 1 1 1 1 0 1 1]    [0]