[[4366 4325]
 [5666 5643]]
Validation Avg: 0.496949996948
Train Avg: 0.525887496639


[0 0 0 1 1 0 0 0 1 0 0 1 1 0 0 1 0 1 0 1]    [0]
[1 1 0 0 1 1 0 1 1 1 1 0 0 1 1 0 1 1 1 0]    [1]
[0 1 0 0 1 1 1 1 1 0 1 1 0 1 1 0 1 1 0 0]    [0]
[0 0 1 0 0 1 1 1 1 0 1 0 0 0 1 0 1 0 1 0]    [1]
[0 1 1 1 0 1 1 1 1 0 1 0 1 1 0 1 0 1 1 1]    [0]
[1 1 1 0 1 1 0 0 0 1 1 1 0 0 1 0 1 0 0 0]    [0]
[1 1 1 0 0 0 1 1 0 0 1 0 0 0 0 0 1 0 1 0]    [0]
[0 0 0 1 0 1 1 1 1 1 0 1 0 1 1 0 1 0 1 1]    [0]
[0 1 0 0 0 0 0 0 1 1 1 1 0 1 0 0 1 0 0 1]    [0]
[0 0 1 0 1 1 1 0 0 1 0 1 1 1 0 0 1 0 1 1]    [1]
[1 1 1 0 0 0 1 0 1 0 0 1 0 0 0 1 1 0 0 1]    [1]