[[4524 4563]
 [5508 5405]]
Validation Avg: 0.495249997079
Train Avg: 0.521270830159


[1 1 0 0 1 1 0 1 1 1 1 0 0 1 1 0 1 1 1 0]    [1]
[0 1 0 0 1 1 1 1 1 0 1 1 0 1 1 0 1 1 0 0]    [0]
[0 0 1 0 0 1 1 1 1 0 1 0 0 0 1 0 1 0 1 0]    [1]
[0 1 1 1 0 1 1 1 1 0 1 0 1 1 0 1 0 1 1 1]    [0]
[0 1 0 1 0 1 0 0 1 1 0 1 0 1 0 0 1 0 0 0]    [0]
[1 1 0 0 1 1 1 1 0 1 0 0 0 1 1 1 0 0 1 1]    [0]
[0 1 0 1 0 0 0 0 1 1 1 0 1 1 0 1 1 1 0 0]    [0]
[1 0 1 1 0 0 1 0 0 0 1 1 0 1 1 0 1 1 0 0]    [0]
[0 1 0 0 0 0 0 0 1 1 1 1 0 1 0 0 1 0 0 1]    [0]
[1 0 0 0 1 0 0 1 0 1 1 1 0 1 1 1 1 0 1 1]    [0]
[1 1 1 0 0 0 1 0 1 0 0 1 0 0 0 1 1 0 0 1]    [1]