[[7948 1957]
 [2072 8023]]
Validation Avg: 0.850600000173
Train Avg: 0.832231248952


[0 1 0 1 1 0 0 0 1 0 0 1 0 1 1 0 0 1 1 0]    [1]
[1 0 0 0 0 0 1 1 1 0 1 0 1 0 0 0 1 1 0 1]    [1]
[1 1 1 1 1 0 1 0 0 1 0 0 1 0 0 0 0 0 1 0]    [1]
[1 0 0 0 0 1 1 0 0 0 0 0 1 1 1 1 1 0 1 1]    [0]
[0 0 0 1 0 1 1 1 0 1 0 0 0 0 0 0 1 0 0 0]    [0]
[0 1 1 0 0 0 1 0 1 0 0 1 0 1 0 0 0 1 1 0]    [0]
[1 0 0 0 0 0 1 1 0 1 0 0 1 1 1 0 0 1 1 1]    [0]
[1 1 1 0 1 1 0 0 0 1 1 0 1 1 0 1 1 0 1 0]    [0]
[0 0 0 0 0 1 1 1 0 0 0 1 0 0 1 1 1 0 1 1]    [1]
[1 1 1 0 1 0 0 1 0 0 1 1 0 0 1 0 1 1 0 1]    [1]
[0 1 1 0 0 1 1 1 0 1 1 0 0 0 0 0 0 0 0 1]    [0]