[[7640 4589]
 [2380 5391]]
Validation Avg: 0.784249999523
Train Avg: 0.768224999768


[1 1 0 0 0 0 0 1 0 1 0 1 0 1 0 0 0 1 0 1]    [0]
[0 1 0 0 1 0 1 0 0 1 0 1 1 1 1 1 0 0 0 1]    [0]
[0 1 0 1 1 0 0 0 1 0 0 1 0 1 1 0 0 1 1 0]    [1]
[1 0 0 0 0 0 1 1 1 0 1 0 1 0 0 0 1 1 0 1]    [1]
[0 1 0 0 1 0 0 0 1 1 1 1 1 1 1 1 1 0 0 0]    [1]
[1 0 1 0 1 1 0 0 0 0 1 0 0 1 1 1 1 0 0 0]    [1]
[1 1 1 1 1 0 1 0 0 1 0 0 1 0 0 0 0 0 1 0]    [1]
[0 0 1 0 1 0 0 0 0 0 1 0 1 1 1 1 1 1 0 1]    [0]
[0 0 1 1 1 1 1 1 0 0 1 0 1 1 0 0 1 1 1 1]    [1]
[1 1 0 0 1 0 1 0 0 1 0 0 0 0 0 0 0 1 0 0]    [0]
[0 0 0 1 0 1 1 1 0 1 0 0 0 0 0 0 1 0 0 0]    [0]