[[8231  158]
 [1789 9822]]
Validation Avg: 0.902650001347
Train Avg: 0.877849999294


[0 1 0 0 1 1 0 0 0 0 0 0 1 0 0 1 1 0 1 1]    [0]
[1 1 0 0 0 0 0 1 0 1 0 1 0 1 0 0 0 1 0 1]    [0]
[0 1 0 0 1 0 1 0 0 1 0 1 1 1 1 1 0 0 0 1]    [0]
[0 0 1 0 1 0 0 0 0 0 1 0 1 1 1 1 1 1 0 1]    [0]
[0 0 0 1 0 1 1 1 0 1 0 0 0 0 0 0 1 0 0 0]    [0]
[0 1 1 0 0 0 1 0 1 0 0 1 0 1 0 0 0 1 1 0]    [0]
[1 1 1 0 1 1 0 0 0 1 1 0 1 1 0 1 1 0 1 0]    [0]
[1 0 1 1 1 1 0 0 0 0 0 1 1 0 0 0 1 1 0 1]    [0]
[1 1 1 0 1 0 1 1 0 1 1 0 1 1 1 1 0 1 1 0]    [0]
[1 1 1 1 1 0 0 0 1 0 0 1 1 1 0 1 0 0 1 0]    [1]
[1 1 1 1 1 1 1 0 1 0 0 1 1 0 1 0 0 1 1 1]    [0]