[[9669   88]
 [ 318 9925]]
Validation Avg: 0.81838334024
Train Avg: 0.828229172553


[0 1 1 1 0 1 0 1 0 0 1 0 1 0 1 1 0 1 1 0]    [1]
[0 0 1 0 0 1 1 0 1 0 0 1 1 0 1 1 1 1 1 0]    [1]
[1 1 1 1 1 1 0 0 1 0 0 1 0 1 1 0 1 0 0 1]    [0]
[1 0 0 1 1 0 0 0 1 1 1 1 0 1 0 1 0 0 1 0]    [0]
[1 1 0 0 1 0 0 1 1 1 1 1 0 1 1 0 0 1 0 1]    [0]
[0 0 1 1 0 1 1 0 0 0 0 0 1 0 1 1 1 0 1 0]    [1]
[1 1 1 1 0 0 0 0 1 0 0 1 0 1 0 1 1 0 0 1]    [0]
[1 0 1 1 1 0 1 0 1 1 0 1 1 0 0 0 0 0 0 1]    [0]
[0 0 0 1 0 1 0 0 1 0 0 1 0 1 0 0 0 0 0 1]    [0]
[0 0 0 0 1 1 0 1 0 0 1 0 1 0 1 1 1 1 0 0]    [1]
[1 0 0 1 1 0 0 0 1 1 0 1 0 1 0 0 0 0 1 0]    [0]