[[9680   88]
 [ 307 9925]]
Validation Avg: 0.737725004405
Train Avg: 0.752656253427


[1 0 1 0 1 0 1 0 0 0 0 1 0 0 0 0 1 0 0 1]    [1]
[0 1 0 0 0 1 0 1 1 0 1 0 1 0 1 1 0 1 1 0]    [0]
[1 1 1 1 1 1 1 1 1 1 0 0 1 0 0 1 0 1 1 0]    [0]
[1 1 1 1 1 0 1 0 0 1 0 1 0 1 1 0 1 1 0 1]    [1]
[0 1 1 0 0 1 0 0 1 0 0 0 0 0 1 1 0 1 1 0]    [0]
[1 0 0 0 1 0 1 0 0 0 0 0 1 1 1 0 1 0 0 0]    [1]
[0 0 0 0 0 1 1 1 1 0 1 0 1 1 0 1 0 1 1 0]    [0]
[1 0 0 1 0 1 0 1 1 0 1 0 1 1 0 1 0 1 0 0]    [0]
[0 1 0 0 1 1 0 1 1 0 0 1 1 0 0 1 0 1 1 0]    [0]
[0 1 1 1 0 1 0 1 0 0 0 1 0 1 0 1 0 1 1 0]    [0]
[0 0 1 1 0 1 1 1 1 0 1 0 1 1 0 1 0 1 1 0]    [0]