[[5337 5446]
 [4650 4567]]
Validation Avg: 0.495199997425
Train Avg: 0.525087496042


[1 1 1 0 1 1 0 1 1 1 1 1 1 0 1 1 1 0 0 1]    [1]
[1 0 1 0 0 1 0 0 1 0 0 0 1 1 0 0 1 0 1 1]    [1]
[0 1 1 1 1 0 0 1 1 1 1 0 0 0 0 0 0 0 0 0]    [0]
[0 0 1 0 1 1 0 1 1 0 1 1 1 0 0 1 1 1 1 1]    [1]
[0 0 0 1 1 0 1 0 0 0 0 1 0 1 0 0 1 1 1 1]    [1]
[0 1 0 0 1 0 1 0 1 0 0 0 0 1 1 0 1 1 1 0]    [1]
[1 0 0 1 1 1 0 0 0 1 0 1 0 1 0 1 0 0 1 0]    [1]
[1 1 0 0 1 0 1 0 0 1 1 0 0 0 0 0 0 0 0 0]    [0]
[1 1 0 0 0 1 0 0 0 0 1 1 0 0 1 0 0 0 1 1]    [0]
[0 1 0 1 0 0 0 0 1 0 1 1 1 0 0 1 1 0 1 0]    [1]
[1 0 1 1 0 1 1 0 1 0 1 0 1 1 0 1 1 0 1 0]    [0]