[[8326 1441]
 [1630 8603]]
Validation Avg: 0.891616667509
Train Avg: 0.900100000675


[1 1 1 1 0 1 0 0 1 1 0 0 0 1 1 1 1 0 0 0]    [1]
[0 1 0 1 0 0 0 1 0 1 1 0 0 1 1 1 1 1 1 1]    [0]
[1 0 0 1 1 0 1 1 1 0 1 1 0 1 1 1 0 0 1 0]    [0]
[0 0 0 1 1 0 0 1 1 1 0 0 1 1 1 0 1 0 1 1]    [1]
[0 1 0 1 0 1 1 0 0 0 1 0 0 1 0 1 0 1 1 1]    [0]
[1 1 1 0 0 0 1 0 0 1 1 0 0 0 0 0 1 0 1 0]    [0]
[1 1 0 0 1 1 1 1 0 1 1 1 0 1 1 0 1 1 0 0]    [1]
[1 1 1 1 0 1 0 0 0 0 1 1 1 1 1 0 1 0 1 1]    [1]
[0 0 1 1 0 1 1 0 0 1 0 1 1 1 0 1 1 1 0 1]    [0]
[0 1 0 1 0 0 0 0 0 0 1 1 0 0 1 0 1 0 1 1]    [0]
[0 1 0 1 1 0 1 0 0 0 1 1 1 0 0 1 0 1 1 0]    [0]