[[9255  647]
 [ 701 9397]]
Validation Avg: 0.914200002402
Train Avg: 0.921762501933


[1 1 0 1 1 1 1 1 1 1 1 1 1 0 0 0 1 1 0 1]    [1]
[0 1 0 1 0 1 1 0 0 0 1 0 0 1 0 1 0 1 1 1]    [0]
[0 1 0 0 0 0 1 0 1 1 1 1 0 0 0 0 0 0 0 1]    [1]
[0 0 1 1 1 1 0 1 0 1 0 1 1 1 1 1 0 1 1 0]    [1]
[1 0 1 0 1 0 1 1 0 1 1 1 0 1 0 0 1 1 1 1]    [1]
[0 1 0 1 0 1 0 0 0 0 0 0 0 0 0 1 1 1 0 0]    [0]
[0 1 1 0 0 1 1 0 0 1 1 0 1 0 1 1 0 0 1 0]    [0]
[0 0 0 0 1 0 1 1 1 0 0 1 1 0 0 0 1 0 1 1]    [1]
[0 0 0 1 1 1 1 0 1 1 1 1 0 0 0 0 1 0 0 0]    [1]
[1 1 1 0 0 1 1 1 0 0 1 0 1 1 1 1 0 0 1 0]    [0]
[0 1 1 1 0 0 1 0 0 1 1 0 1 1 1 0 0 1 1 0]    [1]