[[8482  610]
 [1474 9434]]
Validation Avg: 0.895800001323
Train Avg: 0.904800002128


[0 0 1 0 0 0 0 1 1 1 1 0 0 1 1 0 0 1 1 1]    [0]
[1 0 1 1 0 0 1 0 1 0 0 1 0 0 0 1 1 0 1 1]    [0]
[0 0 0 0 0 1 1 0 1 0 1 1 1 0 0 1 1 1 1 1]    [1]
[0 1 1 0 1 0 1 0 1 1 1 1 1 0 0 1 1 0 1 0]    [0]
[0 0 1 1 1 0 0 0 1 1 0 1 1 0 0 1 0 1 1 1]    [1]
[1 0 0 0 1 1 0 1 1 0 0 0 1 1 1 0 1 1 1 1]    [0]
[0 1 0 0 0 0 1 0 1 1 1 1 0 0 0 0 0 0 0 1]    [1]
[0 1 1 0 0 1 1 0 1 1 0 1 0 0 0 0 0 0 1 1]    [1]
[1 1 0 1 1 0 1 1 0 0 0 0 1 0 1 1 0 0 0 0]    [1]
[0 0 1 0 0 1 0 0 1 1 1 1 1 0 0 0 0 1 0 1]    [1]
[1 0 1 0 0 0 1 0 0 1 1 0 1 0 0 1 0 1 0 1]    [1]