[[4300 3839]
 [5636 6225]]
Validation Avg: 0.52624999702
Train Avg: 0.543774998337


[0 1 1 0 0 0 1 1 0 0 1 0 0 1 0 0 0 1 0 1]    [0]
[1 0 0 1 0 0 0 1 0 0 1 0 1 0 0 1 1 1 0 1]    [1]
[0 0 1 0 1 1 1 1 0 1 0 0 0 1 0 1 0 0 0 1]    [1]
[1 0 1 1 0 0 1 1 1 0 0 0 0 0 1 1 1 1 1 1]    [0]
[1 1 1 1 0 0 1 0 1 0 0 0 1 0 1 0 0 1 1 1]    [1]
[0 1 1 1 1 0 1 1 1 0 1 0 0 0 0 0 0 1 0 0]    [1]
[1 0 0 1 0 0 0 0 1 0 0 1 0 0 1 1 1 0 0 1]    [0]
[0 1 0 0 0 1 1 0 0 1 1 0 0 0 1 1 1 0 0 1]    [1]
[0 0 1 1 0 0 0 0 1 1 0 1 0 0 1 0 0 1 1 0]    [0]
[0 0 0 0 1 0 1 1 0 1 1 1 0 1 0 0 0 0 0 0]    [1]
[0 1 1 0 0 0 1 1 0 1 0 1 0 1 1 0 0 0 0 1]    [1]