[[9612  803]
 [ 324 9261]]
Validation Avg: 0.734949998409
Train Avg: 0.743074999563


[1 1 1 1 0 0 1 0 1 0 0 0 1 0 1 0 0 1 1 1]    [1]
[0 1 1 1 1 0 1 1 1 0 1 0 0 0 0 0 0 1 0 0]    [1]
[0 1 0 1 1 1 1 1 1 0 1 0 0 0 1 0 0 1 1 0]    [1]
[0 1 0 1 1 0 0 1 1 1 0 0 1 1 0 1 0 1 0 1]    [1]
[0 1 1 0 0 1 0 1 0 1 1 0 0 0 1 0 1 1 0 1]    [0]
[1 1 1 1 0 0 0 0 1 0 0 0 1 1 1 0 0 1 1 1]    [1]
[1 1 1 1 1 0 1 1 1 0 1 0 1 0 0 0 0 0 1 0]    [1]
[0 0 1 1 0 1 1 0 1 1 0 1 0 0 1 0 1 0 0 1]    [0]
[0 1 0 1 1 0 1 1 0 1 1 0 1 1 0 0 0 1 1 0]    [1]
[0 1 0 0 1 0 1 0 1 1 0 0 1 1 1 0 0 1 1 1]    [1]
[0 1 0 0 1 1 0 1 1 0 0 0 1 1 1 0 0 1 1 1]    [1]