[[9166  261]
 [ 770 9803]]
Validation Avg: 0.806116666595
Train Avg: 0.810750000179


[1 0 1 1 0 0 1 1 1 0 0 0 0 0 1 1 1 1 1 1]    [0]
[1 0 0 1 0 0 0 0 1 0 0 1 0 0 1 1 1 0 0 1]    [0]
[0 0 1 1 1 1 1 0 1 0 0 0 0 1 0 1 1 1 0 1]    [1]
[0 1 1 0 1 0 1 1 0 1 1 1 0 0 1 0 1 0 0 0]    [0]
[0 0 0 0 0 1 1 0 0 1 0 1 0 1 1 0 1 0 1 0]    [0]
[1 0 1 1 0 0 0 1 1 0 1 1 1 1 0 1 0 1 1 0]    [0]
[1 0 0 1 1 0 0 0 1 0 0 1 1 0 0 1 1 0 0 1]    [1]
[1 0 0 1 1 0 0 0 1 0 1 0 0 1 0 0 1 1 1 1]    [0]
[1 0 0 1 0 0 1 0 1 0 0 0 0 1 0 1 0 0 0 1]    [1]
[1 0 1 0 1 0 0 0 1 0 1 0 1 1 0 1 1 1 1 1]    [0]
[1 0 1 1 1 0 0 0 1 1 0 1 0 0 0 1 1 1 0 1]    [1]