[[4826 4776]
 [5181 5217]]
Validation Avg: 0.650099997769
Train Avg: 0.662304165612


[1 1 0 0 1 1 1 1 1 0 1 1 1 1 1 1 0 0 1 1]    [1]
[0 1 1 1 1 1 0 1 0 1 1 1 1 1 0 0 0 0 0 0]    [1]
[0 1 1 0 0 0 1 0 1 0 1 0 0 0 1 1 0 1 1 1]    [0]
[1 1 1 1 0 0 0 0 1 1 1 0 0 1 0 0 1 0 1 0]    [0]
[0 1 0 0 1 0 1 1 0 0 0 0 1 0 1 1 0 0 0 1]    [0]
[1 0 1 1 0 1 1 0 1 1 1 1 1 0 1 1 0 1 1 0]    [0]
[0 0 1 0 1 0 1 0 0 1 1 1 0 1 1 1 1 0 0 1]    [1]
[1 0 1 1 0 1 1 1 1 0 0 1 0 1 1 1 0 0 0 1]    [0]
[0 0 1 0 0 0 0 1 0 0 0 0 0 1 0 0 0 0 1 0]    [0]
[0 0 0 0 0 1 1 0 0 0 0 0 0 0 0 1 1 1 1 0]    [0]
[0 1 1 0 1 0 1 1 1 0 1 1 1 1 1 0 1 1 1 0]    [0]