[[4313 3521]
 [5694 6472]]
Validation Avg: 0.539249995053
Train Avg: 0.552912497781


[1 1 1 0 1 1 0 0 0 1 0 1 0 0 1 1 0 0 0 1]    [0]
[0 1 1 0 0 1 1 1 0 0 0 0 0 1 0 1 1 0 1 1]    [0]
[0 1 1 1 1 1 0 1 0 1 1 1 1 1 0 0 0 0 0 0]    [1]
[1 0 1 1 1 1 1 0 0 0 0 0 1 1 1 1 0 1 0 1]    [0]
[0 1 0 0 1 0 1 1 0 0 0 0 1 0 1 1 0 0 0 1]    [0]
[1 0 1 1 0 1 1 1 1 0 0 1 0 1 1 1 0 0 0 1]    [0]
[0 0 1 0 0 0 0 1 0 0 0 0 0 1 0 0 0 0 1 0]    [0]
[0 0 1 1 1 0 0 1 1 1 0 0 0 0 1 1 0 1 1 1]    [1]
[0 1 1 0 1 0 1 1 1 0 1 1 1 1 1 0 1 1 1 0]    [0]
[0 1 0 0 0 1 0 0 0 1 1 0 1 0 0 0 1 1 1 1]    [1]
[1 0 0 0 1 0 1 0 0 1 0 1 1 1 1 0 1 0 1 1]    [1]