[[8811  626]
 [1196 9367]]
Validation Avg: 0.724074998796
Train Avg: 0.729318749923


[0 0 1 1 0 1 1 0 0 1 1 1 1 0 1 1 0 1 1 0]    [0]
[1 1 0 0 0 1 1 0 0 1 1 1 0 0 0 1 1 1 0 0]    [0]
[0 0 1 1 0 1 1 0 0 0 0 1 0 0 0 0 1 0 1 1]    [0]
[0 1 0 0 1 0 1 0 0 0 1 1 1 1 1 0 0 1 0 1]    [0]
[0 0 1 1 0 1 0 0 0 0 0 0 1 0 1 1 0 0 1 1]    [0]
[1 0 1 1 1 1 1 0 0 0 0 1 1 0 0 1 1 0 1 1]    [0]
[0 0 0 1 1 0 0 0 0 0 1 0 1 1 0 1 0 0 1 1]    [0]
[1 0 0 1 0 1 1 1 1 0 0 1 1 1 1 1 0 1 1 1]    [0]
[0 0 1 1 1 0 1 1 1 1 0 0 1 1 1 0 0 0 1 0]    [1]
[0 0 1 0 1 0 1 0 0 1 1 1 1 0 1 1 0 1 1 1]    [0]
[0 0 1 1 1 0 1 1 1 0 1 0 0 1 1 1 0 1 1 1]    [1]