[[8496 2511]
 [1529 7464]]
Validation Avg: 0.797999998331
Train Avg: 0.773487498164


[0 1 0 0 0 1 1 0 1 1 1 0 1 0 0 1 0 0 0 1]    [1]
[1 1 1 0 1 1 1 0 1 0 1 0 1 1 0 1 1 0 0 1]    [1]
[1 1 0 1 1 0 0 1 1 1 0 0 1 0 0 1 0 1 0 1]    [1]
[1 0 1 0 1 0 0 0 0 0 0 1 0 0 0 1 1 1 1 1]    [1]
[0 0 0 0 0 1 1 0 1 1 1 0 1 0 1 1 1 0 1 0]    [0]
[1 1 0 1 0 0 0 0 0 0 1 0 0 1 1 0 1 1 0 1]    [1]
[1 1 1 0 0 1 0 0 1 0 1 0 0 0 1 1 1 1 0 0]    [0]
[1 1 0 1 1 0 0 1 0 1 0 0 0 1 0 0 0 0 0 1]    [0]
[0 0 0 1 1 0 1 1 1 1 1 1 1 1 0 1 1 0 1 0]    [1]
[0 0 0 0 1 0 1 1 0 0 0 1 1 0 1 1 0 1 0 1]    [1]
[1 0 0 0 1 1 0 1 1 1 1 0 0 1 0 1 0 1 0 1]    [1]