[[5639 5688]
 [4386 4287]]
Validation Avg: 0.724833331058
Train Avg: 0.713074998123


[0 0 0 0 0 0 1 0 0 1 0 0 0 1 1 0 0 1 1 1]    [1]
[0 0 1 1 0 1 1 1 1 1 1 0 0 1 1 0 1 0 0 0]    [1]
[0 0 0 1 0 0 0 0 0 0 1 0 0 0 0 0 0 1 0 1]    [0]
[1 1 1 1 0 1 1 1 0 0 0 1 1 1 1 0 0 1 0 0]    [0]
[0 1 0 0 1 0 1 1 1 0 1 0 1 1 0 1 0 1 1 0]    [1]
[0 1 0 1 1 0 0 1 1 1 1 0 0 1 0 1 0 0 1 0]    [0]
[1 1 1 0 0 0 0 1 1 0 0 0 1 1 1 0 1 0 0 0]    [1]
[1 1 1 1 1 0 0 0 1 0 1 0 0 0 1 1 1 0 0 1]    [1]
[1 0 1 0 0 0 0 1 1 0 0 0 0 0 1 0 0 0 0 1]    [0]
[1 1 0 1 1 1 1 0 0 1 1 1 0 0 1 0 0 1 0 1]    [0]
[1 1 1 1 1 1 0 1 1 1 1 0 1 1 0 0 0 1 0 1]    [0]