[[9825 2196]
 [ 200 7779]]
Validation Avg: 0.839099998325
Train Avg: 0.807274999339


[0 1 0 0 0 1 1 0 1 1 1 0 1 0 0 1 0 0 0 1]    [1]
[0 1 0 0 1 0 1 1 1 0 1 0 1 1 0 1 0 1 1 0]    [1]
[0 0 0 1 1 0 0 1 1 1 1 1 1 0 1 0 0 0 1 1]    [1]
[1 0 1 0 1 0 1 1 1 1 1 1 1 0 1 1 0 1 1 1]    [1]
[0 1 0 1 1 1 1 0 0 1 0 0 1 1 1 0 1 1 0 0]    [1]
[1 1 0 1 0 0 0 0 0 0 1 0 0 1 1 0 1 1 0 1]    [1]
[0 1 1 0 0 0 1 1 1 1 1 0 0 0 0 0 1 1 1 1]    [1]
[1 1 0 1 0 1 1 1 1 1 1 1 1 0 1 0 1 0 0 0]    [1]
[0 1 0 1 1 1 1 0 1 0 0 0 1 1 1 0 0 0 0 0]    [1]
[0 0 1 0 0 0 1 0 1 1 1 1 0 1 1 1 1 0 0 1]    [1]
[1 1 0 0 1 0 1 1 1 0 1 1 0 1 0 0 0 0 1 1]    [1]