[[7658 5370]
 [2346 4626]]
Validation Avg: 0.709425000176
Train Avg: 0.704337498657


[0 0 1 0 1 1 0 0 1 1 0 1 1 0 1 1 0 1 0 1]    [1]
[1 1 1 0 1 1 1 0 0 1 0 0 0 0 1 0 0 0 0 1]    [1]
[0 1 0 1 0 1 1 1 0 1 0 1 1 0 1 1 1 0 0 0]    [1]
[1 1 1 1 0 1 0 1 0 0 1 0 1 1 0 0 1 0 0 1]    [1]
[0 1 0 0 0 1 0 0 0 0 1 1 1 1 0 0 0 0 1 0]    [1]
[1 1 0 0 1 0 1 1 0 1 0 0 1 0 0 1 0 1 0 0]    [1]
[0 0 0 0 1 0 0 1 1 1 1 1 1 0 0 0 1 1 0 1]    [0]
[1 0 1 0 1 1 0 0 1 1 1 0 0 0 0 0 1 0 1 0]    [1]
[1 1 1 0 0 1 1 0 1 0 0 1 1 0 0 1 1 1 0 0]    [1]
[0 1 0 0 1 1 0 1 1 1 1 0 1 0 0 0 1 0 1 0]    [0]
[0 0 1 0 1 0 0 0 0 1 1 1 1 1 0 0 0 1 0 1]    [1]