[[6611 4079]
 [3393 5917]]
Validation Avg: 0.681750000318
Train Avg: 0.676029165524


[0 0 1 0 1 1 0 0 1 1 0 1 1 0 1 1 0 1 0 1]    [1]
[1 1 1 1 0 1 0 1 0 0 1 0 1 1 0 0 1 0 0 1]    [1]
[0 1 0 0 0 1 0 0 0 0 1 1 1 1 0 0 0 0 1 0]    [1]
[1 1 1 0 0 1 1 0 1 0 0 1 1 0 0 1 1 1 0 0]    [1]
[1 1 1 1 0 0 0 0 0 1 1 0 1 1 0 1 0 0 1 1]    [1]
[1 1 0 1 1 1 0 1 0 1 0 0 1 1 1 1 1 0 0 0]    [0]
[0 0 1 1 0 1 1 0 0 1 0 1 1 1 1 1 1 1 0 1]    [1]
[0 1 1 1 0 1 0 0 0 0 0 1 1 0 1 1 1 0 1 0]    [0]
[0 0 0 0 1 0 0 1 1 1 1 0 1 0 1 1 0 0 0 1]    [1]
[1 1 1 1 0 1 1 0 1 0 0 1 1 0 0 1 1 1 0 1]    [1]
[0 1 0 0 1 0 0 1 0 1 1 1 1 1 0 0 1 1 1 0]    [1]