[[6567 3596]
 [3437 6400]]
Validation Avg: 0.606824999228
Train Avg: 0.589087498691


[0 0 1 1 0 0 1 0 1 1 1 0 1 1 0 1 0 0 1 1]    [1]
[0 1 0 0 0 0 1 0 1 0 0 0 0 1 1 1 0 1 0 1]    [0]
[0 1 0 1 0 1 1 1 0 1 0 1 1 0 1 1 1 0 0 0]    [1]
[0 1 0 0 1 1 1 1 1 0 0 1 0 0 1 1 0 1 1 1]    [0]
[0 1 0 0 0 1 0 0 0 0 1 1 1 1 0 0 0 0 1 0]    [1]
[1 1 1 0 0 1 1 0 1 0 0 1 1 0 0 1 1 1 0 0]    [1]
[1 1 1 1 0 0 0 0 0 1 1 0 1 1 0 1 0 0 1 1]    [1]
[0 1 0 0 1 1 0 1 1 1 1 0 1 0 0 0 1 0 1 0]    [0]
[1 1 0 1 1 1 0 1 0 1 0 0 1 1 1 1 1 0 0 0]    [0]
[0 0 0 0 1 0 0 1 0 1 1 1 1 1 1 1 1 0 1 1]    [0]
[0 1 0 0 0 0 1 1 0 1 1 0 1 0 1 1 1 0 0 0]    [1]