[[8032 1935]
 [1972 8061]]
Validation Avg: 0.804650000036
Train Avg: 0.794762498066


[1 1 1 0 1 1 1 0 0 1 0 0 0 0 1 0 0 0 0 1]    [1]
[0 1 0 1 0 1 1 1 0 1 0 1 1 0 1 1 1 0 0 0]    [1]
[1 1 1 1 0 1 0 1 0 0 1 0 1 1 0 0 1 0 0 1]    [1]
[0 0 0 0 1 0 0 1 1 1 1 1 1 0 0 0 1 1 0 1]    [0]
[0 0 0 0 1 0 0 1 0 1 1 1 1 1 1 1 1 0 1 1]    [0]
[0 1 0 0 1 0 1 1 0 1 1 0 1 1 1 1 1 1 0 0]    [0]
[0 1 0 1 1 0 0 0 0 1 0 1 0 1 1 0 1 1 1 1]    [1]
[0 1 0 0 1 0 0 1 0 1 1 1 1 1 0 0 1 1 1 0]    [1]
[1 1 0 0 0 1 1 0 1 0 1 1 0 0 1 1 0 0 0 1]    [0]
[1 0 1 1 1 1 0 0 1 1 0 0 0 0 1 0 1 0 0 1]    [0]
[1 1 1 1 0 0 1 0 1 1 0 0 0 0 1 0 0 0 1 0]    [1]