[[8354 4237]
 [1650 5759]]
Validation Avg: 0.74140000234
Train Avg: 0.756374999496


[0 0 1 0 1 1 0 0 1 1 0 1 1 0 1 1 0 1 0 1]    [1]
[1 1 1 0 1 1 1 0 0 1 0 0 0 0 1 0 0 0 0 1]    [1]
[0 1 0 0 0 1 0 0 0 0 1 1 1 1 0 0 0 0 1 0]    [1]
[1 0 1 0 1 1 0 0 1 1 1 0 0 0 0 0 1 0 1 0]    [1]
[1 1 1 0 0 1 1 0 1 0 0 1 1 0 0 1 1 1 0 0]    [1]
[0 0 1 0 1 0 0 0 0 1 1 1 1 1 0 0 0 1 0 1]    [1]
[1 1 0 1 1 1 0 1 0 1 0 0 1 1 1 1 1 0 0 0]    [0]
[0 0 1 1 0 1 1 0 0 1 0 1 1 1 1 1 1 1 0 1]    [1]
[0 0 0 0 1 0 0 1 1 1 1 0 1 0 1 1 0 0 0 1]    [1]
[0 1 0 0 0 0 1 1 0 1 1 0 1 0 1 1 1 0 0 0]    [1]
[0 1 0 1 1 0 0 0 0 1 0 1 0 1 1 0 1 1 1 1]    [1]