[[5348 2702]
 [4656 7294]]
Validation Avg: 0.759275001585
Train Avg: 0.754824999887


[1 1 1 0 1 1 1 0 0 1 0 0 0 0 1 0 0 0 0 1]    [1]
[0 1 0 0 0 0 1 0 1 0 0 0 0 1 1 1 0 1 0 1]    [0]
[1 1 0 0 1 0 1 1 0 1 0 0 1 0 0 1 0 1 0 0]    [1]
[0 0 0 0 1 0 0 1 1 1 1 1 1 0 0 0 1 1 0 1]    [0]
[1 1 1 1 0 0 0 0 0 1 1 0 1 1 0 1 0 0 1 1]    [1]
[1 1 0 1 0 0 1 0 0 1 1 0 1 1 1 0 0 0 0 0]    [1]
[0 1 1 1 0 1 0 0 0 0 0 1 1 0 1 1 1 0 1 0]    [0]
[0 1 0 0 0 0 1 1 0 1 1 0 1 0 1 1 1 0 0 0]    [1]
[1 0 0 0 1 1 0 1 0 1 0 1 0 1 0 0 0 1 1 1]    [0]
[1 0 1 0 0 0 1 0 0 0 1 1 0 1 1 0 1 0 0 0]    [0]
[1 1 1 1 0 1 0 1 1 1 1 0 1 0 1 1 1 0 1 0]    [0]