[[3632 3229]
 [6372 6767]]
Validation Avg: 0.577866665274
Train Avg: 0.570108331417


[1 0 1 0 0 1 1 1 0 1 1 1 0 1 0 0 0 1 0 1]    [1]
[0 1 0 1 0 1 1 1 0 1 0 1 1 0 1 1 1 0 0 0]    [1]
[0 0 0 0 1 0 0 1 1 1 1 1 1 0 0 0 1 1 0 1]    [0]
[0 1 1 1 0 1 1 0 1 0 0 1 0 0 1 0 1 0 0 1]    [0]
[1 1 1 1 0 0 0 0 0 1 1 0 1 1 0 1 0 0 1 1]    [1]
[0 1 0 0 1 1 0 1 1 1 1 0 1 0 0 0 1 0 1 0]    [0]
[0 0 1 1 0 1 1 0 0 1 0 1 1 1 1 1 1 1 0 1]    [1]
[1 0 0 0 0 1 1 0 1 0 1 1 1 1 0 1 0 0 0 1]    [0]
[0 1 0 0 0 0 1 1 0 1 1 0 1 0 1 1 1 0 0 0]    [1]
[0 1 0 1 1 0 0 0 0 1 0 1 0 1 1 0 1 1 1 1]    [1]
[1 1 0 1 0 0 1 0 0 0 1 1 1 1 1 0 0 1 1 0]    [1]