[[7036 5726]
 [2968 4270]]
Validation Avg: 0.565299998373
Train Avg: 0.561562497281


[0 0 1 0 1 1 0 0 1 1 0 1 1 0 1 1 0 1 0 1]    [1]
[1 1 1 0 1 1 1 0 0 1 0 0 0 0 1 0 0 0 0 1]    [1]
[1 0 1 0 0 1 1 1 0 1 1 1 0 1 0 0 0 1 0 1]    [1]
[0 1 0 0 0 0 1 0 1 0 0 0 0 1 1 1 0 1 0 1]    [0]
[0 1 0 1 0 1 1 1 0 1 0 1 1 0 1 1 1 0 0 0]    [1]
[1 1 1 1 0 1 0 1 0 0 1 0 1 1 0 0 1 0 0 1]    [1]
[0 1 0 0 0 1 0 0 0 0 1 1 1 1 0 0 0 0 1 0]    [1]
[1 1 1 0 0 1 1 0 1 0 0 1 1 0 0 1 1 1 0 0]    [1]
[1 1 1 1 0 0 0 0 0 1 1 0 1 1 0 1 0 0 1 1]    [1]
[0 1 0 0 1 1 0 1 1 1 1 0 1 0 0 0 1 0 1 0]    [0]
[1 1 0 1 0 0 1 0 0 1 1 0 1 1 1 0 0 0 0 0]    [1]