[[8261  528]
 [1743 9468]]
Validation Avg: 0.886450002193
Train Avg: 0.868524999842


[1 1 1 0 1 1 1 0 0 1 0 0 0 0 1 0 0 0 0 1]    [1]
[0 1 1 1 0 1 1 0 1 0 0 1 0 0 1 0 1 0 0 1]    [0]
[0 1 1 1 0 0 1 0 1 1 1 0 0 0 1 0 1 0 0 1]    [0]
[0 0 0 0 1 0 0 0 1 0 1 1 0 1 1 0 1 0 0 0]    [1]
[0 1 1 0 1 0 1 1 0 1 1 1 0 0 1 0 1 1 0 1]    [0]
[0 0 1 0 0 1 0 0 1 1 1 1 0 1 0 0 1 1 0 1]    [0]
[0 1 1 0 1 0 1 0 0 1 0 1 1 0 0 0 1 0 1 1]    [0]
[1 1 0 0 0 1 0 0 1 1 0 0 0 1 1 0 1 1 0 1]    [0]
[1 0 0 0 0 1 0 0 1 1 0 1 0 0 1 1 1 0 0 1]    [1]
[1 0 0 1 0 1 1 0 1 1 0 1 1 1 1 0 1 1 0 0]    [0]
[1 0 0 0 1 0 1 1 0 0 0 1 1 1 1 0 0 1 0 1]    [0]