[[4744 4855]
 [5269 5132]]
Validation Avg: 0.493799995184
Train Avg: 0.615499999449


[1 0 0 1 0 1 1 0 1 0 1 0 1 1 1 1 1 1 0 0 0 0 0 1 0 1 0 0 1 1]    [0]
[1 1 1 1 0 0 0 0 0 0 1 0 0 0 0 1 1 0 0 1 0 1 0 0 1 1 0 0 0 1]    [0]
[0 1 0 1 1 1 1 1 1 0 0 1 0 0 0 1 0 0 0 1 0 1 1 1 1 1 0 0 0 1]    [0]
[0 1 0 0 1 0 1 1 0 1 0 0 0 1 0 1 0 1 1 1 0 0 0 0 0 0 1 1 0 0]    [0]
[1 0 0 0 1 0 0 1 1 0 0 0 0 1 1 1 0 0 1 0 1 1 0 1 0 1 1 0 1 0]    [0]
[0 1 1 0 1 1 1 1 1 1 0 1 1 0 0 0 0 0 1 1 1 1 0 0 1 0 0 0 1 1]    [1]
[0 1 1 0 1 0 1 0 0 1 1 0 0 0 0 1 1 1 0 1 0 0 0 0 0 1 0 1 0 0]    [0]
[1 0 0 0 0 0 1 0 1 1 1 0 1 1 0 0 1 1 0 1 0 1 1 0 0 0 0 1 0 1]    [0]
[1 0 0 1 1 1 1 1 0 0 1 1 1 0 0 1 0 0 0 1 1 1 1 0 1 1 0 1 1 1]    [1]
[1 1 0 1 1 0 0 0 1 0 1 1 1 0 0 0 1 1 1 0 0 1 1 1 0 1 1 1 0 1]    [0]
[1 1 1 1 0 0 0 1 1 1 1 1 1 0 1 1 0 0 0 1 0 0 1 1 0 0 1 0 0 1]    [1]