[[5147 5282]
 [4866 4705]]
Validation Avg: 0.492599998415
Train Avg: 0.711587501988


[0 0 0 0 1 0 0 0 0 1 0 0 0 0 0 1 1 1 0 1 0 1 0 1 1 0 1 1 1 1]    [1]
[0 0 1 1 1 0 0 0 1 0 0 0 1 0 0 1 0 0 1 1 1 0 0 1 0 1 1 1 0 0]    [1]
[1 0 1 1 1 1 1 0 0 1 1 0 1 1 1 1 1 0 1 0 0 0 0 0 0 0 1 0 1 1]    [1]
[0 1 1 0 1 0 1 0 0 1 1 0 0 0 0 1 1 1 0 1 0 0 0 0 0 1 0 1 0 0]    [0]
[1 0 0 0 0 0 1 0 1 1 1 0 1 1 0 0 1 1 0 1 0 1 1 0 0 0 0 1 0 1]    [0]
[1 0 0 1 1 1 1 1 0 0 1 1 1 0 0 1 0 0 0 1 1 1 1 0 1 1 0 1 1 1]    [1]
[1 1 0 1 1 0 0 0 1 0 1 1 1 0 0 0 1 1 1 0 0 1 1 1 0 1 1 1 0 1]    [0]
[1 1 1 1 0 0 0 1 1 1 1 1 1 0 1 1 0 0 0 1 0 0 1 1 0 0 1 0 0 1]    [1]
[0 1 0 0 0 1 0 0 0 0 0 1 1 1 0 0 0 0 1 0 1 0 0 0 1 0 1 0 1 0]    [0]
[0 0 1 0 0 1 0 1 0 0 1 1 0 1 0 0 0 0 0 1 1 0 1 0 0 1 0 1 1 1]    [1]
[0 1 1 1 1 0 0 1 0 0 0 1 1 1 0 0 0 1 0 0 1 1 0 1 0 0 1 1 0 0]    [0]