[[5113 5097]
 [4900 4890]]
Validation Avg: 0.500149997473
Train Avg: 0.875812499374


[0 0 1 1 0 0 1 1 1 1 0 1 1 0 0 0 1 1 0 1 1 1 0 1 0 1 1 0 1 0]    [1]
[1 1 1 1 0 0 0 0 0 0 1 0 0 0 0 1 1 0 0 1 0 1 0 0 1 1 0 0 0 1]    [0]
[0 1 0 1 1 1 1 1 1 0 0 1 0 0 0 1 0 0 0 1 0 1 1 1 1 1 0 0 0 1]    [0]
[0 0 1 1 1 0 0 0 1 0 0 0 1 0 0 1 0 0 1 1 1 0 0 1 0 1 1 1 0 0]    [1]
[1 0 1 1 1 1 1 0 0 1 1 0 1 1 1 1 1 0 1 0 0 0 0 0 0 0 1 0 1 1]    [1]
[0 0 0 1 1 1 1 0 1 1 0 0 1 1 0 0 1 1 1 1 0 1 1 1 1 0 1 1 0 1]    [1]
[0 1 1 0 1 1 1 1 1 1 0 1 1 0 0 0 0 0 1 1 1 1 0 0 1 0 0 0 1 1]    [1]
[0 1 1 0 1 0 1 0 0 1 1 0 0 0 0 1 1 1 0 1 0 0 0 0 0 1 0 1 0 0]    [0]
[0 1 0 0 1 0 0 1 0 0 0 0 0 1 1 1 1 0 0 0 0 0 1 0 1 1 1 1 0 0]    [0]
[1 0 0 1 1 1 1 1 0 0 1 1 1 0 0 1 0 0 0 1 1 1 1 0 1 1 0 1 1 1]    [1]
[1 1 1 1 0 0 0 1 1 1 1 1 1 0 1 1 0 0 0 1 0 0 1 1 0 0 1 0 0 1]    [1]