[[4916 4920]
 [5112 5052]]
Validation Avg: 0.498399997205
Train Avg: 0.571762498058


[[0]
 [0]
 [0]
 [0]
 [0]
 [1]
 [0]
 [0]
 [0]
 [1]
 [1]
 [1]
 [0]
 [1]
 [1]
 [0]
 [0]
 [0]
 [1]
 [1]
 [0]
 [1]
 [0]
 [0]
 [0]
 [1]
 [1]
 [0]
 [1]
 [1]]    [1]
[[0]
 [0]
 [0]
 [1]
 [1]
 [0]
 [0]
 [0]
 [1]
 [1]
 [1]
 [0]
 [0]
 [1]
 [1]
 [1]
 [1]
 [1]
 [1]
 [1]
 [0]
 [1]
 [1]
 [0]
 [0]
 [0]
 [0]
 [1]
 [1]
 [0]]    [0]
[[1]
 [0]
 [0]
 [1]
 [1]
 [1]
 [0]
 [0]
 [1]
 [1]
 [1]
 [1]
 [0]
 [1]
 [1]
 [0]
 [0]
 [1]
 [0]
 [1]
 [0]
 [0]
 [1]
 [0]
 [1]
 [0]
 [0]
 [0]
 [0]
 [0]]    [0]
[[1]
 [0]
 [1]
 [0]
 [0]
 [1]
 [0]
 [0]
 [1]
 [1]
 [0]
 [0]
 [1]
 [1]
 [0]
 [0]
 [0]
 [1]
 [0]
 [0]
 [0]
 [1]
 [0]
 [1]
 [0]
 [1]
 [1]
 [0]
 [0]
 [0]]    [0]
[[0]
 [0]
 [0]
 [1]
 [0]
 [0]
 [1]
 [0]
 [1]
 [1]
 [0]
 [1]
 [1]
 [1]
 [1]
 [1]
 [0]
 [0]
 [0]
 [0]
 [1]
 [1]
 [0]
 [0]
 [1]
 [1]
 [0]
 [0]
 [0]
 [0]]    [1]
[[1]
 [1]
 [0]
 [0]
 [1]
 [1]
 [0]
 [1]
 [0]
 [0]
 [1]
 [0]
 [1]
 [0]
 [1]
 [0]
 [1]
 [0]
 [1]
 [1]
 [1]
 [0]
 [0]
 [1]
 [1]
 [1]
 [1]
 [0]
 [0]
 [1]]    [1]
[[1]
 [1]
 [0]
 [1]
 [0]
 [0]
 [1]
 [1]
 [0]
 [0]
 [0]
 [0]
 [0]
 [1]
 [0]
 [0]
 [0]
 [0]
 [0]
 [1]
 [0]
 [0]
 [0]
 [0]
 [1]
 [0]
 [1]
 [1]
 [0]
 [1]]    [1]
[[0]
 [1]
 [1]
 [1]
 [1]
 [1]
 [1]
 [1]
 [1]
 [0]
 [0]
 [0]
 [1]
 [1]
 [1]
 [1]
 [1]
 [1]
 [1]
 [0]
 [0]
 [1]
 [1]
 [0]
 [1]
 [1]
 [0]
 [0]
 [0]
 [0]]    [1]
[[0]
 [1]
 [0]
 [0]
 [0]
 [0]
 [1]
 [1]
 [1]
 [0]
 [0]
 [0]
 [1]
 [1]
 [1]
 [0]
 [1]
 [1]
 [1]
 [1]
 [0]
 [1]
 [1]
 [1]
 [1]
 [0]
 [1]
 [1]
 [1]
 [0]]    [0]
[[0]
 [1]
 [0]
 [1]
 [0]
 [0]
 [0]
 [1]
 [1]
 [1]
 [1]
 [1]
 [1]
 [0]
 [0]
 [1]
 [1]
 [1]
 [1]
 [1]
 [0]
 [1]
 [1]
 [0]
 [0]
 [0]
 [1]
 [0]
 [0]
 [0]]    [0]
[[0]
 [0]
 [1]
 [0]
 [1]
 [0]
 [0]
 [0]
 [0]
 [1]
 [1]
 [0]
 [0]
 [1]
 [1]
 [1]
 [0]
 [0]
 [0]
 [1]
 [0]
 [0]
 [1]
 [1]
 [1]
 [1]
 [0]
 [0]
 [0]
 [1]]    [1]