[[4970 4579]
 [5029 5422]]
Validation Avg: 0.519599996507
Train Avg: 0.536912497394


[0 0 0 0 0 0 0 0 0 0 0 0 1 0 0 0 0 1 0 1]    [1]
[1 0 1 0 1 0 1 0 1 0 1 1 0 0 1 0 1 0 1 0]    [0]
[1 0 0 0 1 1 1 0 0 1 1 0 0 1 0 1 1 0 1 0]    [0]
[1 0 0 0 0 0 1 0 0 0 0 0 0 1 0 0 1 0 0 0]    [0]
[0 1 0 1 0 1 1 0 0 0 1 1 1 0 1 1 0 1 1 1]    [0]
[1 0 1 0 0 1 1 0 1 1 0 0 1 1 0 0 1 1 0 0]    [0]
[0 0 0 0 1 1 1 0 0 1 1 0 1 1 0 0 1 0 1 1]    [0]
[1 0 1 0 0 1 0 0 1 1 1 0 1 1 1 0 0 0 0 0]    [1]
[0 0 1 0 1 0 1 0 1 1 0 0 0 1 1 0 0 0 0 1]    [0]
[0 0 1 0 1 1 0 1 1 1 1 0 0 1 1 0 1 1 1 1]    [1]
[1 0 0 1 1 0 0 1 1 1 1 1 1 1 0 1 1 1 0 0]    [1]