[[9142  829]
 [ 857 9172]]
Validation Avg: 0.801500001947
Train Avg: 0.775400000607


[1 0 0 0 1 1 1 0 0 1 1 0 0 1 0 1 1 0 1 0]    [0]
[1 1 1 0 1 1 0 0 0 1 0 1 1 1 0 1 0 1 1 0]    [0]
[0 0 1 0 1 0 1 0 1 1 0 0 0 1 1 0 0 0 0 1]    [0]
[1 1 0 0 0 1 1 0 0 1 1 0 0 0 0 1 0 0 1 1]    [1]
[1 0 1 1 0 0 0 0 0 1 0 1 1 0 0 1 0 1 1 0]    [1]
[1 0 1 0 1 1 1 1 0 1 0 1 1 1 1 1 0 0 0 0]    [0]
[0 1 1 1 1 0 0 0 1 0 1 0 0 1 1 1 0 0 0 1]    [0]
[1 0 1 0 1 1 0 1 1 1 0 1 0 0 0 1 1 0 0 0]    [0]
[0 1 1 0 1 1 1 0 1 0 0 1 0 1 1 0 1 1 0 1]    [0]
[0 0 1 1 0 0 0 1 1 0 0 0 0 0 0 0 1 1 0 1]    [1]
[0 0 0 0 0 0 0 1 0 0 1 1 0 0 0 1 1 0 0 0]    [1]