[[9700  317]
 [ 299 9684]]
Validation Avg: 0.744400001764
Train Avg: 0.719243749913


[0 0 0 0 0 0 0 0 0 0 0 0 1 0 0 0 0 1 0 1]    [1]
[1 1 1 0 1 1 0 1 0 1 0 1 0 0 1 1 1 1 1 0]    [1]
[0 1 0 1 1 1 1 0 0 0 1 1 0 1 0 0 1 1 1 0]    [1]
[0 0 1 1 0 0 0 1 0 0 1 0 0 1 1 1 1 0 1 0]    [1]
[1 0 0 0 0 1 1 0 1 0 1 0 1 0 0 0 0 0 0 0]    [0]
[1 0 1 0 1 1 1 0 0 1 0 0 0 0 0 0 0 0 0 1]    [1]
[1 0 1 0 0 0 1 0 0 0 0 0 1 0 0 1 0 0 1 1]    [1]
[1 1 1 1 1 0 1 1 0 0 0 1 0 0 1 1 1 1 1 0]    [1]
[0 0 1 1 1 1 0 1 0 0 1 0 0 1 0 0 0 1 1 0]    [1]
[1 0 0 0 0 1 1 0 1 1 1 0 1 0 1 1 0 0 0 1]    [0]
[0 0 0 1 1 1 1 1 0 0 1 1 1 1 1 0 1 1 1 0]    [1]