[[4818 4863]
 [5214 5105]]
Validation Avg: 0.49614999786
Train Avg: 0.522524997778


[1 1 0 1 0 0 0 0 1 1 0 0 0 0 1 0 0 0 1 1]    [0]
[0 0 0 1 1 0 0 0 1 0 0 1 1 0 0 1 0 1 0 1]    [0]
[0 1 0 0 1 0 1 0 1 1 1 0 0 0 1 1 1 0 1 1]    [1]
[1 1 0 0 1 1 0 1 1 1 1 0 0 1 1 0 1 1 1 0]    [1]
[0 1 0 0 1 1 1 1 1 0 1 1 0 1 1 0 1 1 0 0]    [0]
[0 0 1 0 0 1 1 1 1 0 1 0 0 0 1 0 1 0 1 0]    [1]
[0 1 0 1 0 1 0 0 1 1 0 1 0 1 0 0 1 0 0 0]    [0]
[1 1 0 0 1 1 1 1 0 1 0 0 0 1 1 1 0 0 1 1]    [0]
[0 1 0 1 0 0 0 0 1 1 1 0 1 1 0 1 1 1 0 0]    [0]
[1 0 1 0 0 0 0 0 0 0 1 0 0 1 0 0 1 1 1 0]    [1]
[0 1 0 0 0 0 0 0 1 1 1 1 0 1 0 0 1 0 0 1]    [0]