[[5036 5069]
 [4996 4899]]
Validation Avg: 0.499549996927
Train Avg: 0.514949996583


[1 1 0 1 0 0 0 0 1 1 0 0 0 0 1 0 0 0 1 1]    [0]
[0 1 0 0 1 0 1 0 1 1 1 0 0 0 1 1 1 0 1 1]    [1]
[1 1 0 0 1 1 0 1 1 1 1 0 0 1 1 0 1 1 1 0]    [1]
[0 1 0 0 1 1 1 1 1 0 1 1 0 1 1 0 1 1 0 0]    [0]
[0 0 1 0 0 1 1 1 1 0 1 0 0 0 1 0 1 0 1 0]    [1]
[0 1 1 1 0 1 1 1 1 0 1 0 1 1 0 1 0 1 1 1]    [0]
[1 1 1 0 0 0 1 1 0 0 1 0 0 0 0 0 1 0 1 0]    [0]
[0 1 0 1 0 0 0 0 1 1 1 0 1 1 0 1 1 1 0 0]    [0]
[1 0 1 1 0 0 1 0 0 0 1 1 0 1 1 0 1 1 0 0]    [0]
[0 1 0 0 0 0 0 0 1 1 1 1 0 1 0 0 1 0 0 1]    [0]
[1 0 0 0 1 0 0 1 0 1 1 1 0 1 1 1 1 0 1 1]    [0]