[[6087 6126]
 [3945 3842]]
Validation Avg: 0.498516663462
Train Avg: 0.515170829818


[0 0 0 1 1 0 0 0 1 0 0 1 1 0 0 1 0 1 0 1]    [0]
[0 1 0 0 1 0 1 0 1 1 1 0 0 0 1 1 1 0 1 1]    [1]
[1 1 0 0 1 1 0 1 1 1 1 0 0 1 1 0 1 1 1 0]    [1]
[0 1 0 0 1 1 1 1 1 0 1 1 0 1 1 0 1 1 0 0]    [0]
[0 0 1 0 0 1 1 1 1 0 1 0 0 0 1 0 1 0 1 0]    [1]
[1 0 1 0 0 0 0 0 0 0 1 0 0 1 0 0 1 1 1 0]    [1]
[1 0 0 0 1 0 0 1 0 1 1 1 0 1 1 1 1 0 1 1]    [0]
[1 1 1 0 0 0 1 0 1 0 0 1 0 0 0 1 1 0 0 1]    [1]
[1 1 1 1 0 0 1 1 1 0 0 0 0 0 1 0 0 0 1 1]    [0]
[1 1 1 1 0 0 0 1 1 1 1 1 1 0 1 1 0 0 1 0]    [1]
[0 1 0 0 1 1 0 1 1 1 1 1 0 0 1 0 0 0 0 0]    [1]