[[9148  288]
 [ 869 9695]]
Validation Avg: 0.942150000036
Train Avg: 0.898525000652


[0 0 0 1 1 1 1 0 1 1 1 1 1 1 0 0 1 1 0 1]    [1]
[0 0 0 0 0 0 1 0 1 0 1 0 1 0 0 1 0 0 1 0]    [0]
[1 1 0 0 0 1 0 1 1 1 0 0 1 0 1 1 0 1 0 0]    [0]
[0 0 1 1 0 0 0 0 0 1 0 1 0 1 1 1 1 0 0 1]    [1]
[0 0 1 0 1 0 0 0 0 1 0 1 1 1 0 0 1 1 0 1]    [1]
[1 0 1 0 0 0 1 1 0 0 1 0 1 0 0 1 0 1 0 0]    [0]
[0 0 0 1 1 1 1 1 1 1 1 1 1 1 0 0 1 0 0 1]    [1]
[1 0 1 1 1 1 1 0 0 0 1 0 1 1 1 0 1 1 0 1]    [1]
[0 0 0 1 1 0 1 0 0 1 1 1 1 0 1 0 0 0 0 1]    [1]
[1 0 1 0 0 0 0 1 0 0 0 0 1 0 0 1 0 1 0 0]    [0]
[0 1 0 1 0 0 0 1 0 0 0 0 0 1 0 1 0 1 0 0]    [0]