[[5773 5703]
 [4244 4280]]
Validation Avg: 0.722399999127
Train Avg: 0.715181248351


[0 1 1 0 1 0 1 1 0 0 1 0 1 1 1 0 0 0 0 0]    [1]
[1 1 0 1 1 0 1 0 1 0 0 0 1 0 0 0 0 0 1 0]    [0]
[0 1 1 1 0 0 1 0 0 0 0 1 1 1 0 0 0 1 0 1]    [1]
[1 0 1 1 1 1 0 0 1 1 1 1 1 1 1 0 1 1 1 1]    [0]
[0 1 1 0 0 0 1 0 0 0 1 1 0 0 1 1 1 1 1 1]    [1]
[0 0 0 1 1 1 1 0 1 1 1 1 1 1 0 0 1 1 0 1]    [1]
[1 1 0 0 0 0 1 1 0 1 1 0 1 1 0 1 1 0 1 0]    [1]
[1 1 1 0 0 0 1 1 0 0 1 1 1 1 0 0 1 1 0 0]    [1]
[1 0 0 1 1 1 1 1 0 1 0 1 1 1 0 1 1 0 1 1]    [0]
[1 0 0 1 0 1 0 1 1 0 0 0 0 0 1 1 1 1 1 1]    [1]
[0 1 0 1 1 1 1 0 0 0 1 1 0 0 1 0 1 1 1 0]    [1]