[[5103 5038]
 [4914 4945]]
Validation Avg: 0.649066665173
Train Avg: 0.654387497936


[0 1 1 0 1 0 1 1 0 0 1 0 1 1 1 0 0 0 0 0]    [1]
[1 1 0 1 1 0 1 0 1 0 0 0 1 0 0 0 0 0 1 0]    [0]
[0 1 1 1 0 0 1 0 0 0 0 1 1 1 0 0 0 1 0 1]    [1]
[1 1 1 0 0 1 1 1 0 1 0 0 0 1 1 0 0 1 1 1]    [0]
[1 0 1 1 1 1 0 0 1 1 1 1 1 1 1 0 1 1 1 1]    [0]
[1 0 1 0 0 1 1 0 0 1 1 0 1 0 0 1 0 1 1 0]    [0]
[0 1 1 0 0 0 1 0 0 0 1 1 0 0 1 1 1 1 1 1]    [1]
[1 1 1 1 1 1 0 1 1 1 1 0 0 0 0 1 1 0 0 1]    [1]
[0 0 0 1 1 1 1 0 1 1 1 1 1 1 0 0 1 1 0 1]    [1]
[1 1 0 0 0 0 1 1 0 1 1 0 1 1 0 1 1 0 1 0]    [1]
[1 1 1 0 0 0 1 1 0 0 1 1 1 1 0 0 1 1 0 0]    [1]