[[5239 5120]
 [4891 4750]]
Validation Avg: 0.49944999665
Train Avg: 0.579962497018


[0 1 0 1 0 1 0 1 0 1 1 0 0 0 0 0 0 1 0 0 0 0 1 1 1 1 0 0 0 1]    [0]
[0 0 1 1 1 1 0 0 0 1 0 1 1 1 0 0 0 0 0 0 1 1 0 1 1 1 0 1 0 1]    [1]
[0 1 0 1 0 1 1 0 1 0 1 0 1 0 1 0 0 0 1 1 0 0 0 1 1 0 0 1 1 1]    [1]
[0 0 1 1 0 0 0 1 1 1 0 1 0 1 1 1 0 1 0 1 1 0 1 1 0 1 0 1 1 0]    [1]
[0 1 1 1 0 0 1 0 1 0 1 0 1 0 1 0 0 0 1 0 1 0 0 0 1 0 0 0 0 1]    [0]
[0 1 0 0 0 0 1 1 1 1 0 0 1 1 0 1 1 0 1 0 0 0 0 1 0 0 1 1 0 0]    [1]
[1 0 1 1 0 1 1 1 1 1 1 0 1 1 1 1 1 1 1 0 0 1 0 1 0 0 1 1 0 1]    [1]
[0 0 1 1 1 0 1 0 0 1 1 0 1 1 0 0 0 1 0 0 0 1 1 1 1 0 1 1 0 1]    [0]
[1 1 1 0 1 0 0 0 1 1 0 0 1 1 0 0 0 1 0 0 1 0 1 0 0 0 0 0 0 0]    [1]
[1 0 1 1 1 1 1 0 1 0 0 1 1 0 1 0 0 1 1 1 1 0 1 0 1 0 0 0 0 1]    [1]
[1 0 0 1 0 1 0 1 1 1 0 1 0 1 1 1 1 1 0 1 0 1 1 1 0 0 1 0 0 1]    [0]