[[4837 4638]
 [5293 5232]]
Validation Avg: 0.503449996263
Train Avg: 0.627675000504


[0 0 1 1 1 1 0 0 0 1 0 1 1 1 0 0 0 0 0 0 1 1 0 1 1 1 0 1 0 1]    [1]
[0 1 0 1 0 1 1 0 1 0 1 0 1 0 1 0 0 0 1 1 0 0 0 1 1 0 0 1 1 1]    [1]
[0 0 1 1 0 0 0 1 1 1 0 1 0 1 1 1 0 1 0 1 1 0 1 1 0 1 0 1 1 0]    [1]
[1 0 1 1 0 1 1 1 1 1 1 0 1 1 1 1 1 1 1 0 0 1 0 1 0 0 1 1 0 1]    [1]
[1 1 1 0 1 0 1 0 0 1 0 1 0 1 1 1 1 0 1 0 0 0 0 1 1 1 1 1 1 0]    [0]
[0 0 1 1 1 0 1 0 0 1 1 0 1 1 0 0 0 1 0 0 0 1 1 1 1 0 1 1 0 1]    [0]
[1 1 1 1 0 0 1 1 1 1 1 0 0 0 0 1 1 1 1 1 0 0 0 1 0 1 0 1 1 1]    [1]
[1 1 1 0 1 0 0 0 1 1 0 0 1 1 0 0 0 1 0 0 1 0 1 0 0 0 0 0 0 0]    [1]
[1 0 0 1 0 1 0 1 1 1 0 1 0 1 1 1 1 1 0 1 0 1 1 1 0 0 1 0 0 1]    [0]
[0 1 0 0 1 1 1 1 0 1 1 1 0 1 1 1 0 1 1 0 1 1 0 0 0 1 1 1 1 1]    [0]
[1 1 1 0 0 1 1 0 1 0 0 0 0 1 0 0 0 0 0 1 1 1 1 0 0 1 0 0 0 1]    [1]