[[9901   99]
 [ 229 9771]]
Validation Avg: 0.983600011766
Train Avg: 0.906325005789


[1 1 0 0 0 1 0 0 1 1 1 1 1 0 0 0 0 0 0 0 0 1 1 0 0 1 0 0 1 0]    [0]
[0 1 1 0 1 0 0 0 0 1 1 1 0 0 0 0 1 0 0 1 1 1 0 0 1 0 0 1 0 0]    [0]
[1 1 0 0 0 1 0 1 0 0 1 1 0 0 0 1 1 0 0 1 0 0 0 0 0 0 1 1 1 0]    [0]
[1 1 0 1 1 0 0 0 1 1 1 1 0 0 1 1 1 0 1 0 1 0 0 0 0 0 0 1 1 0]    [1]
[0 1 1 0 1 1 0 0 0 0 0 1 0 0 0 0 1 0 0 1 1 1 0 0 1 0 0 1 1 0]    [0]
[1 1 0 0 0 1 0 0 0 1 0 0 0 0 1 1 1 1 0 1 0 0 1 0 0 0 0 0 1 0]    [1]
[0 0 0 0 0 1 0 0 1 1 1 1 1 0 1 1 0 0 0 0 1 1 1 0 1 1 1 1 1 0]    [0]
[1 1 1 1 0 1 0 0 0 1 1 1 0 0 0 0 0 0 0 1 1 0 1 0 0 0 1 0 1 1]    [0]
[1 1 0 0 0 1 1 0 0 0 1 0 0 1 0 1 1 1 0 0 1 1 0 1 0 0 0 0 1 1]    [0]
[1 0 1 1 1 0 1 1 1 0 1 1 1 1 1 0 0 1 1 1 0 1 1 1 0 1 1 1 0 1]    [0]
[1 1 1 0 0 0 0 0 0 1 0 0 0 0 0 1 0 0 0 0 1 1 0 1 0 1 0 1 1 1]    [0]