[[4514 4472]
 [5499 5515]]
Validation Avg: 0.501449997723
Train Avg: 0.742799999416


[1 1 1 1 0 0 0 0 0 0 1 0 0 0 0 1 1 0 0 1 0 1 0 0 1 1 0 0 0 1]    [0]
[0 1 0 1 1 1 1 1 1 0 0 1 0 0 0 1 0 0 0 1 0 1 1 1 1 1 0 0 0 1]    [0]
[0 1 0 0 1 0 1 1 0 1 0 0 0 1 0 1 0 1 1 1 0 0 0 0 0 0 1 1 0 0]    [0]
[1 0 0 0 1 0 0 1 1 0 0 0 0 1 1 1 0 0 1 0 1 1 0 1 0 1 1 0 1 0]    [0]
[1 0 1 1 1 1 1 0 0 1 1 0 1 1 1 1 1 0 1 0 0 0 0 0 0 0 1 0 1 1]    [1]
[0 1 1 0 1 1 1 1 1 1 0 1 1 0 0 0 0 0 1 1 1 1 0 0 1 0 0 0 1 1]    [1]
[1 1 1 0 1 1 1 1 0 1 0 0 1 1 0 0 1 1 0 0 1 0 1 1 1 0 1 1 0 1]    [1]
[0 1 0 0 1 0 0 1 0 0 0 0 0 1 1 1 1 0 0 0 0 0 1 0 1 1 1 1 0 0]    [0]
[1 1 1 0 0 0 0 0 1 1 1 0 0 1 1 0 1 0 0 1 0 0 1 0 1 1 1 0 1 0]    [1]
[1 0 0 0 0 0 1 0 1 1 1 0 1 1 0 0 1 1 0 1 0 1 1 0 0 0 0 1 0 1]    [0]
[1 0 0 1 1 1 1 1 0 0 1 1 1 0 0 1 0 0 0 1 1 1 1 0 1 1 0 1 1 1]    [1]