[[5024 5081]
 [4989 4906]]
Validation Avg: 0.496499996483
Train Avg: 0.716362501383


[1 1 1 1 0 0 0 0 0 0 1 0 0 0 0 1 1 0 0 1 0 1 0 0 1 1 0 0 0 1]    [0]
[0 1 0 1 1 1 1 1 1 0 0 1 0 0 0 1 0 0 0 1 0 1 1 1 1 1 0 0 0 1]    [0]
[0 1 0 0 1 0 1 1 0 1 0 0 0 1 0 1 0 1 1 1 0 0 0 0 0 0 1 1 0 0]    [0]
[0 1 1 0 1 1 0 1 1 0 0 0 1 1 1 1 1 1 0 1 0 1 1 0 1 1 1 1 1 1]    [1]
[0 1 1 0 1 0 1 0 0 1 1 0 0 0 0 1 1 1 0 1 0 0 0 0 0 1 0 1 0 0]    [0]
[1 1 1 0 1 1 1 1 0 1 0 0 1 1 0 0 1 1 0 0 1 0 1 1 1 0 1 1 0 1]    [1]
[0 1 0 0 1 0 0 1 0 0 0 0 0 1 1 1 1 0 0 0 0 0 1 0 1 1 1 1 0 0]    [0]
[1 0 0 1 1 1 1 1 0 0 1 1 1 0 0 1 0 0 0 1 1 1 1 0 1 1 0 1 1 1]    [1]
[1 1 0 1 1 0 0 0 1 0 1 1 1 0 0 0 1 1 1 0 0 1 1 1 0 1 1 1 0 1]    [0]
[1 1 1 1 0 0 0 1 1 1 1 1 1 0 1 1 0 0 0 1 0 0 1 1 0 0 1 0 0 1]    [1]
[1 1 0 1 1 0 0 1 0 1 1 1 1 0 0 0 1 1 1 1 1 1 1 1 0 1 1 0 1 1]    [1]