[[4936 4958]
 [5056 5050]]
Validation Avg: 0.721774999499
Train Avg: 0.734149998873


[0 0 0 1 1 0 0 1 1 1 1 0 0 0 1 0 0 1 1 1]    [0]
[0 1 0 0 1 0 1 0 0 1 0 1 1 1 0 0 1 1 0 0]    [1]
[1 0 1 0 1 0 1 1 1 1 1 1 1 0 1 1 0 1 1 1]    [1]
[0 1 1 0 1 0 0 0 0 1 0 0 1 1 0 0 1 0 1 1]    [1]
[0 0 0 0 1 0 0 0 0 0 1 0 0 1 1 0 1 1 0 1]    [1]
[0 1 0 0 1 0 1 1 1 1 0 0 0 1 0 0 0 1 0 0]    [0]
[1 0 0 1 0 0 1 1 0 1 1 0 0 1 0 1 0 0 1 1]    [0]
[1 0 0 1 0 1 0 1 1 0 0 0 0 0 0 0 1 0 1 0]    [1]
[1 1 1 1 1 1 0 1 1 0 1 1 1 0 0 1 0 1 0 0]    [1]
[0 1 1 1 1 0 1 1 1 1 0 0 0 0 1 1 1 0 0 1]    [0]
[1 1 1 0 0 1 1 0 0 0 0 0 1 1 0 0 1 0 1 1]    [0]