[[9182  305]
 [ 810 9703]]
Validation Avg: 0.944250001907
Train Avg: 0.943062500954


[0 1 0 0 1 0 1 0 0 1 0 1 1 1 0 0 1 1 0 0]    [1]
[1 1 0 1 0 1 1 0 1 1 1 1 1 0 1 0 1 1 0 1]    [0]
[0 1 0 0 1 1 1 1 1 1 1 0 1 1 0 0 0 1 0 1]    [0]
[0 1 1 1 0 0 1 0 1 1 1 1 0 0 1 0 1 1 0 1]    [0]
[0 0 1 1 1 0 1 0 1 1 1 1 1 1 0 0 1 0 0 0]    [1]
[1 0 0 1 1 0 1 0 1 0 0 1 0 1 0 0 1 1 1 0]    [0]
[0 1 1 1 1 1 1 1 0 1 1 1 1 1 0 1 0 1 0 0]    [0]
[0 0 0 0 1 0 1 0 0 1 1 1 0 1 0 0 1 1 0 1]    [1]
[0 1 0 1 0 0 1 0 0 0 1 1 1 1 0 0 1 0 1 1]    [0]
[1 1 1 0 0 1 0 1 1 0 0 0 0 0 1 1 0 0 0 0]    [0]
[0 1 0 1 0 1 0 0 1 1 1 1 1 0 0 0 0 1 0 0]    [1]