[[8468  826]
 [1524 9182]]
Validation Avg: 0.77534999907
Train Avg: 0.782945832585


[1 0 0 1 0 0 0 1 1 0 0 0 1 0 0 1 1 1 0 1]    [1]
[1 1 0 1 1 1 1 1 1 1 1 1 0 1 0 1 0 1 1 0]    [1]
[1 0 0 1 1 1 0 1 0 1 0 1 1 1 1 1 1 0 1 0]    [1]
[1 0 0 0 1 1 0 0 1 0 0 1 1 0 1 1 0 1 1 0]    [0]
[0 0 0 0 1 1 1 1 0 0 0 1 1 1 1 1 0 1 1 1]    [0]
[1 0 0 1 1 1 1 0 1 0 1 1 1 1 0 1 0 0 0 1]    [0]
[0 0 0 0 1 0 1 1 0 0 1 0 1 1 1 1 1 1 0 0]    [0]
[1 0 0 1 0 0 1 1 0 1 0 1 0 0 0 0 1 1 1 0]    [1]
[1 1 0 1 1 0 1 0 0 0 0 1 0 0 0 1 0 1 0 0]    [0]
[1 1 1 1 1 1 1 1 0 0 1 1 0 1 0 1 1 1 1 1]    [0]
[1 0 1 0 1 1 1 1 1 0 0 0 1 0 0 1 0 0 1 0]    [0]