[[9977  206]
 [  42 9775]]
Validation Avg: 0.987600009441
Train Avg: 0.987287509441


[1 1 1 1 0 1 0 1 0 1 1 1 0 0 1 0 0 0 0 1]    [1]
[1 1 1 1 0 1 0 1 1 0 1 0 1 0 0 0 0 0 0 0]    [1]
[0 0 0 1 1 0 1 0 0 0 0 1 0 1 0 1 0 0 1 0]    [1]
[0 0 0 1 0 0 1 1 0 0 0 0 0 1 1 1 1 1 1 0]    [1]
[0 1 0 0 0 1 0 1 1 0 1 1 1 0 1 1 0 0 0 0]    [1]
[1 1 1 0 1 1 0 1 1 1 1 1 1 1 1 0 0 0 1 1]    [1]
[0 0 1 0 1 0 1 0 0 1 1 0 0 1 0 1 1 0 1 0]    [1]
[1 1 0 1 1 0 1 0 0 1 0 1 0 1 0 1 0 1 1 0]    [1]
[1 0 1 1 0 1 0 1 1 0 1 1 0 0 1 0 0 0 1 1]    [1]
[0 1 1 0 1 0 0 1 1 0 1 0 1 0 1 0 0 0 0 1]    [1]
[0 0 0 1 1 0 1 0 0 0 0 1 0 0 0 0 1 1 1 0]    [1]