[[8998 1152]
 [1021 8829]]
Validation Avg: 0.939475004822
Train Avg: 0.941043755002


[0 1 0 0 0 0 0 1 1 0 0 1 0 0 0 1 0 0 1 0]    [0]
[1 0 1 0 1 0 1 1 0 0 1 1 0 1 0 1 1 0 0 0]    [0]
[1 0 0 1 1 0 0 0 1 1 0 0 1 1 1 0 1 1 1 0]    [1]
[0 1 1 0 0 1 1 1 0 0 0 0 1 1 1 0 0 0 1 0]    [1]
[0 0 0 0 1 0 0 1 0 0 1 0 0 0 1 1 1 0 1 0]    [1]
[0 1 1 1 0 0 1 1 0 0 1 0 1 1 1 1 0 0 0 1]    [1]
[0 1 1 0 0 1 0 1 0 1 1 1 1 0 0 1 0 0 0 1]    [0]
[1 0 0 1 1 0 1 0 0 0 0 0 0 1 1 0 1 1 0 1]    [1]
[0 1 1 0 0 1 0 1 0 1 1 1 1 1 0 1 0 0 0 0]    [0]
[1 0 0 0 1 0 0 0 0 1 1 0 0 0 0 0 1 1 1 0]    [1]
[0 0 1 1 0 0 1 1 1 0 0 1 1 0 1 0 0 1 1 1]    [1]