[[7734 2311]
 [2285 7670]]
Validation Avg: 0.883050002853
Train Avg: 0.886766669626


[1 1 1 1 1 0 0 0 1 0 1 1 0 0 1 1 1 0 1 0]    [0]
[0 1 0 1 1 1 1 0 1 0 1 1 1 0 0 1 0 1 0 1]    [0]
[0 1 0 1 1 1 1 0 1 0 0 1 1 1 1 1 1 1 0 1]    [0]
[1 1 1 1 1 0 1 0 1 0 0 0 0 1 0 1 1 1 1 0]    [0]
[1 0 0 0 1 0 0 1 0 0 1 0 0 0 1 1 1 1 0 1]    [1]
[0 1 0 1 0 0 0 1 1 1 1 0 0 0 1 0 0 1 1 0]    [1]
[0 1 1 1 0 1 0 0 1 1 1 0 1 0 1 1 0 1 0 1]    [0]
[1 0 1 1 1 1 0 0 1 1 0 0 0 1 1 0 0 0 0 0]    [1]
[0 1 1 1 1 0 1 0 1 1 1 1 1 1 0 0 0 0 1 1]    [1]
[1 1 1 1 0 1 0 1 1 0 1 0 1 0 0 0 0 0 0 0]    [1]
[1 0 0 1 1 1 1 1 0 0 1 0 0 0 1 1 1 0 0 1]    [1]