[[7896 2173]
 [2077 7854]]
Validation Avg: 0.776099998057
Train Avg: 0.764499999285


[0 1 1 0 1 0 0 0 0 0 0 1 0 1 0 0 1 1 1 1]    [1]
[0 1 1 0 1 0 1 1 1 1 0 1 0 0 1 1 0 1 1 1]    [1]
[0 1 0 1 1 1 1 0 0 0 1 0 1 0 0 1 0 0 0 0]    [0]
[0 1 1 1 0 1 0 1 1 1 0 1 1 0 1 0 0 0 1 1]    [0]
[0 0 1 0 1 0 0 1 1 0 0 1 0 0 0 0 1 1 1 1]    [1]
[1 0 0 1 0 1 0 0 1 0 1 0 1 0 1 0 1 1 1 0]    [0]
[1 1 1 1 0 0 0 1 0 0 0 1 1 0 1 1 1 1 0 1]    [0]
[1 0 1 1 0 0 0 0 1 0 0 0 0 0 1 0 1 1 0 1]    [0]
[0 1 0 1 1 0 1 0 1 0 1 1 0 1 0 0 0 1 1 0]    [0]
[0 0 1 0 1 1 0 1 1 1 0 1 0 1 0 0 1 1 1 1]    [0]
[1 1 1 0 0 1 1 1 1 0 1 0 0 0 1 1 1 1 0 1]    [1]