[[7108 1841]
 [2865 8186]]
Validation Avg: 0.764699997902
Train Avg: 0.766224999055


[0 1 1 0 1 0 0 0 0 0 0 1 0 1 0 0 1 1 1 1]    [1]
[0 1 0 1 1 0 0 0 0 0 1 1 0 0 1 1 1 1 0 1]    [0]
[1 1 1 1 1 1 1 1 0 0 1 0 0 1 1 1 0 0 0 0]    [0]
[1 0 1 0 0 1 0 1 1 1 1 1 0 0 1 1 1 1 1 1]    [0]
[1 1 1 1 0 0 0 1 0 0 0 1 1 0 1 1 1 1 0 1]    [0]
[0 0 0 1 1 1 1 0 0 0 0 1 0 0 1 1 0 1 1 0]    [1]
[0 1 0 1 1 0 1 0 1 0 1 1 0 1 0 0 0 1 1 0]    [0]
[1 1 1 0 0 1 1 1 1 0 1 0 0 0 1 1 1 1 0 1]    [1]
[1 0 1 0 1 0 0 0 1 0 0 1 0 1 0 0 1 0 0 1]    [0]
[1 1 1 1 1 0 0 0 1 0 0 0 0 1 0 1 0 1 0 1]    [0]
[0 1 0 1 0 0 0 1 0 0 1 1 1 0 1 1 1 0 0 1]    [0]