[[8849 2387]
 [1124 7640]]
Validation Avg: 0.792216665049
Train Avg: 0.773145832295


[0 1 1 0 1 0 1 1 1 1 0 1 0 0 1 1 0 1 1 1]    [1]
[0 1 0 1 1 1 0 1 0 1 1 1 1 1 0 0 1 0 0 1]    [0]
[1 1 0 1 1 0 0 1 1 1 1 1 0 1 1 0 0 1 1 0]    [1]
[0 1 1 0 1 0 1 1 1 1 1 1 0 1 0 0 1 1 1 0]    [1]
[0 0 0 1 1 1 1 0 0 0 0 1 0 0 1 1 0 1 1 0]    [1]
[1 1 0 0 1 0 1 1 0 0 0 0 1 0 0 0 0 0 1 0]    [1]
[1 1 1 0 0 1 1 1 1 0 1 0 0 0 1 1 1 1 0 1]    [1]
[1 1 0 1 1 0 1 0 1 0 1 0 0 1 0 0 1 1 1 0]    [1]
[1 1 1 1 0 0 1 0 1 1 1 1 0 1 1 1 0 0 1 0]    [1]
[1 1 0 0 1 0 1 0 1 0 0 1 0 0 1 0 1 0 0 1]    [1]
[1 1 1 0 1 1 1 0 1 1 1 1 1 0 1 0 0 1 0 0]    [1]