[[8467 1199]
 [1385 8949]]
Validation Avg: 0.856616667012
Train Avg: 0.862575000649


[0 1 0 0 0 0 1 0 1 1 1 1 1 1 1 1 1 0 0 1]    [0]
[1 0 1 0 1 0 0 0 1 1 0 1 0 1 1 1 1 1 0 0]    [1]
[1 1 0 1 1 0 1 1 1 0 0 0 0 0 0 0 1 1 1 1]    [1]
[0 0 1 1 1 0 1 1 1 0 0 0 0 1 1 0 0 0 1 1]    [0]
[1 1 1 1 1 1 0 0 0 1 1 1 0 1 0 1 0 1 1 0]    [1]
[0 1 1 1 1 1 0 1 0 1 1 1 1 1 1 1 1 1 0 0]    [1]
[0 0 1 0 1 1 0 0 0 1 1 1 1 1 1 1 0 0 1 0]    [1]
[0 0 0 1 1 1 1 0 0 0 1 1 0 1 1 0 0 0 0 0]    [0]
[1 0 0 0 0 0 1 1 0 0 0 1 1 0 0 0 1 1 1 1]    [1]
[1 0 0 0 1 1 1 1 0 0 1 1 0 0 1 1 1 1 0 1]    [0]
[1 0 1 1 1 0 1 1 1 1 0 0 0 0 1 0 0 1 1 1]    [0]