[[7008 1688]
 [2844 8460]]
Validation Avg: 0.849525000602
Train Avg: 0.860268751122


[0 1 0 0 0 0 1 0 1 1 1 1 1 1 1 1 1 0 0 1]    [0]
[0 1 0 0 0 1 0 0 1 1 1 0 1 1 1 1 0 1 1 0]    [1]
[1 0 1 1 1 1 1 0 0 1 1 1 0 0 1 0 1 0 0 1]    [0]
[1 0 1 1 0 1 1 0 0 0 0 1 1 1 0 1 0 1 1 0]    [1]
[0 0 0 1 1 1 0 0 1 1 0 0 1 0 0 1 1 1 1 1]    [1]
[0 1 0 1 1 0 1 1 1 0 1 1 1 1 0 1 1 0 1 1]    [0]
[1 0 0 0 0 0 0 1 0 0 0 1 1 1 1 1 0 1 1 1]    [0]
[0 0 1 0 1 0 1 1 0 0 1 0 0 1 1 0 1 1 0 1]    [0]
[1 0 0 0 0 0 1 1 1 0 1 0 1 1 1 0 1 0 0 1]    [0]
[0 0 0 0 1 0 1 1 0 0 1 1 0 0 0 0 0 1 0 0]    [0]
[0 1 0 0 1 1 1 1 0 0 0 0 1 1 0 0 0 1 0 0]    [0]