[[9386 1021]
 [ 466 9127]]
Validation Avg: 0.925650002062
Train Avg: 0.943825002164


[1 0 0 1 0 1 0 1 0 0 1 1 0 0 0 1 1 0 0 0]    [0]
[0 1 0 0 0 1 0 0 1 1 1 0 1 1 1 1 0 1 1 0]    [1]
[0 1 1 1 1 0 0 1 0 0 0 1 1 0 1 0 1 0 0 1]    [0]
[0 1 0 0 0 1 1 1 1 1 0 1 0 1 1 1 0 0 1 0]    [1]
[0 1 0 1 1 1 0 0 0 1 1 1 1 0 0 0 1 1 0 1]    [1]
[0 0 1 0 0 1 1 1 1 1 0 1 0 1 0 1 0 0 1 0]    [0]
[0 0 0 1 0 0 1 0 1 1 0 1 0 1 1 1 0 0 1 0]    [1]
[0 0 1 0 1 1 1 0 0 0 1 1 0 1 1 0 0 1 1 0]    [0]
[0 0 1 1 0 1 1 1 1 0 0 0 0 1 1 1 0 0 1 1]    [1]
[0 0 1 1 0 1 1 1 1 1 0 0 1 0 1 0 0 1 1 1]    [0]
[0 1 1 0 1 0 1 0 1 1 0 1 1 1 1 0 0 1 1 1]    [1]