582 515 1097
121 908 1029
255 853 1108
642 117 759
801 808 1609
220 30 250
798 86 884
88 329 417
823 239 1062
565 716 1281
142 458 600
568 164 732
823 7 830
558 816 1374
40 673 713
945 840 1785
53 2 55
195 590 785
403 593 996
25 138 163
757 386 1143
800 364 1164
280 310 590
900 232 1132
354 565 919
835 384 1219
552 101 653
361 70 431
207 216 423
746 96 842
356 462 818
402 83 485
411 923 1334
541 869 1410
542 992 1534
403 160 563
846 352 1198
296 690 986
23 901 924
88 151 239
399 212 611
378 304 682
618 89 707
730 415 1145
266 349 615
924 365 1289
577 389 966
777 617 1394
516 496 1012
146 343 489
151 272 423
102 859 961
484 709 1193
608 240 848
377 12 389
266 841 1107
871 501 1372
710 256 966
950 456 1406
844 692 1536
34 29 63
412 273 685
415 76 491
94 915 1009
791 695 1486
428 969 1397
540 486 1026
433 38 471
902 450 1352
382 550 932
293 816 1109
992 646 1638
558 317 875
85 719 804
623 685 1308
128 146 274
575 469 1044
50 265 315
838 510 1348
577 176 753
216 439 655
653 853 1506
49 153 202
976 837 1813
128 413 541
141 518 659
823 438 1261
150 287 437
893 482 1375
723 404 1127
806 709 1515
678 853 1531
360 959 1319
72 344 416
336 807 1143
511 938 1449
663 393 1056
845 800 1645
275 516 791
117 707 824
535 264 799
344 261 605
219 979 1198
707 252 959
735 21 756
708 845 1553
994 599 1593
473 573 1046
557 78 635
896 633 1529
276 352 628
998 704 1702
342 192 534
914 986 1900
774 462 1236
11 230 241
116 244 360
122 99 221
347 360 707
793 758 1551
301 270 571
567 872 1439
711 823 1534
374 832 1206
108 49 157
236 157 393
295 669 964
752 938 1690
245 635 880
969 667 1636
491 26 517
361 432 793
317 280 597
842 796 1638
495 195 690
683 161 844
455 600 1055
145 15 160
22 585 607
428 42 470
432 18 450
703 172 875
633 344 977
321 883 1204
676 759 1435
377 518 895
817 522 1339
875 881 1756
787 979 1766
411 835 1246
843 566 1409
78 22 100
914 584 1498
43 989 1032
315 692 1007
745 765 1510
351 660 1011
501 44 545
409 583 992
259 380 639
548 843 1391
299 208 507
384 574 958
12 252 264
117 37 154
527 104 631
618 14 632
857 106 963
813 312 1125
670 380 1050
806 684 1490
978 81 1059
690 638 1328
690 509 1199
259 292 551
24 259 283
941 875 1816
202 383 585
514 369 883
359 86 445
534 725 1259
627 401 1028
32 993 1025
433 116 549
891 782 1673
72 639 711
433 122 555
181 455 636
996 277 1273
474 709 1183
83 291 374
118 164 282
443 425 868
60 298 358
683 569 1252
775 648 1423
223 82 305
610 953 1563
835 587 1422
783 362 1145
408 905 1313
139 900 1039
878 988 1866
710 787 1497
452 295 747
374 71 445
576 76 652
551 632 1183
285 936 1221
593 965 1558
535 58 593
205 733 938
436 505 941
86 209 295
709 808 1517
133 439 572
106 207 313
637 491 1128
663 99 762
300 612 912
221 184 405
53 714 767
904 393 1297
938 982 1920
958 535 1493
605 621 1226
109 850 959
551 332 883
265 127 392
278 17 295
72 553 625
511 677 1188
756 196 952
158 219 377
134 272 406
634 499 1133
374 61 435
276 159 435
458 766 1224
214 498 712
540 275 815
655 952 1607
155 491 646
688 519 1207
685 765 1450
930 779 1709
486 354 840
878 475 1353
699 433 1132
11 672 683
763 184 947
727 795 1522
747 50 797
119 847 966
583 256 839
213 136 349
832 380 1212
733 233 966
732 444 1176
395 308 703
702 689 1391
425 754 1179
703 319 1022
896 253 1149
572 739 1311
366 282 648
30 70 100
354 93 447
84 5 89
222 751 973
204 331 535
670 598 1268
729 59 788
563 256 819
911 622 1533
245 412 657
350 676 1026
258 899 1157
142 962 1104
230 519 749
333 623 956
289 989 1278
165 791 956
691 250 941
755 7 762
646 268 914
237 831 1068
205 13 218
272 690 962
168 550 718
749 574 1323
383 724 1107
350 259 609
989 447 1436
191 587 778
925 872 1797
394 108 502
890 996 1886
263 493 756
518 8 526
570 429 999
386 506 892
660 193 853
642 263 905
979 152 1131
708 788 1496
332 979 1311
997 74 1071
699 959 1658
524 157 681
39 412 451
500 808 1308
531 659 1190
517 131 648
805 244 1049
361 514 875
581 213 794
692 688 1380
108 718 826
986 41 1027
983 97 1080
506 975 1481
556 791 1347
474 11 485
268 284 552
695 933 1628
711 719 1430
624 86 710
989 392 1381
550 617 1167
758 28 786
648 316 964
251 643 894
352 933 1285
120 148 268
589 804 1393
65 172 237
895 606 1501
13 742 755
187 408 595
31 449 480
942 438 1380
736 270 1006
355 173 528
819 552 1371
497 282 779
661 243 904
994 587 1581
980 626 1606
964 693 1657
925 420 1345
427 418 845
133 615 748
451 99 550
731 988 1719
224 747 971
5 295 300
67 149 216
752 216 968
163 621 784
742 273 1015
206 671 877
713 26 739
723 954 1677
284 714 998
663 72 735
42 969 1011
188 63 251
771 989 1760
392 147 539
635 841 1476
179 34 213
231 178 409
799 102 901
591 98 689
821 565 1386
848 133 981
867 449 1316
128 540 668
298 942 1240
470 142 612
641 82 723
230 466 696
655 115 770
913 266 1179
33 793 826
653 487 1140
679 660 1339
430 871 1301
874 245 1119
915 30 945
956 333 1289
856 501 1357
455 885 1340
30 28 58
607 147 754
991 992 1983
623 945 1568
295 237 532
420 263 683
449 979 1428
404 708 1112
833 620 1453
432 527 959
824 805 1629
430 93 523
243 878 1121
230 775 1005
329 539 868
452 221 673
948 839 1787
399 866 1265
349 543 892
736 136 872
608 78 686
926 713 1639
897 850 1747
985 823 1808
292 664 956
335 324 659
723 702 1425
892 135 1027
741 790 1531
170 686 856
917 817 1734
569 543 1112
669 403 1072
150 915 1065
918 659 1577
918 322 1240
173 25 198
924 378 1302
55 675 730
786 189 975
580 116 696
938 238 1176
69 825 894
195 938 1133
571 636 1207
990 225 1215
430 504 934
905 582 1487
644 80 724
815 750 1565
930 73 1003
280 995 1275
220 824 1044
70 729 799
439 914 1353
972 985 1957
578 20 598
210 115 325
561 838 1399
64 664 728
533 118 651
475 80 555
47 880 927
34 338 372
533 4 537
488 244 732
790 218 1008
539 171 710
943 249 1192
814 792 1606
697 888 1585
895 535 1430
707 892 1599
421 932 1353
657 656 1313
102 180 282
582 43 625
413 662 1075
179 721 900
243 6 249
210 472 682
310 899 1209
653 27 680
207 631 838
745 639 1384
136 760 896
78 318 396
16 402 418
589 725 1314
681 416 1097
661 216 877
326 440 766
41 70 111
388 985 1373
513 980 1493
537 454 991
620 342 962
844 774 1618
545 522 1067
543 794 1337
285 886 1171
853 487 1340
152 127 279
577 817 1394
426 532 958
616 968 1584
42 705 747
253 364 617
329 477 806
869 389 1258
772 700 1472
43 682 725
745 7 752
944 604 1548
711 20 731
507 591 1098
601 202 803
906 420 1326
429 550 979
180 141 321
690 997 1687
492 104 596
299 308 607
669 176 845
75 155 230
861 268 1129
156 136 292
969 995 1964
91 107 198
892 620 1512
914 275 1189
766 350 1116
607 260 867
339 745 1084
608 450 1058
665 951 1616
397 345 742
492 705 1197
55 735 790
222 871 1093
554 29 583
955 282 1237
185 826 1011
796 570 1366
856 358 1214
60 745 805
631 821 1452
353 498 851
247 207 454
733 838 1571
267 844 1111
107 404 511
672 627 1299
148 242 390
669 330 999
402 935 1337
625 466 1091
416 25 441
521 256 777
375 155 530
560 297 857
684 735 1419
103 812 915
799 236 1035
469 509 978
74 739 813
425 551 976
868 862 1730
276 771 1047
131 656 787
287 48 335
831 765 1596
821 571 1392
52 641 693
268 82 350
44 73 117
145 934 1079
70 820 890
216 883 1099
439 919 1358
742 325 1067
785 254 1039
696 472 1168
623 8 631
939 413 1352
726 172 898
724 606 1330
675 380 1055
169 470 639
853 762 1615
506 873 1379
679 717 1396
764 533 1297
819 842 1661
301 628 929
216 63 279
193 712 905
958 569 1527
113 918 1031
33 972 1005
296 153 449
756 241 997
567 317 884
728 618 1346
782 78 860
659 156 815
644 91 735
642 417 1059
586 386 972
40 19 59
494 169 663
3 51 54
589 134 723
476 852 1328
217 450 667
782 751 1533
811 458 1269
659 704 1363
788 538 1326
836 912 1748
749 971 1720
660 569 1229
280 303 583
107 358 465
843 518 1361
792 737 1529
491 651 1142
370 145 515
104 851 955
672 97 769
584 563 1147
581 223 804
202 114 316
794 668 1462
392 583 975
904 489 1393
67 162 229
840 786 1626
647 971 1618
512 177 689
974 360 1334
575 954 1529
605 527 1132
8 321 329
932 373 1305
556 364 920
966 9 975
569 858 1427
243 571 814
816 327 1143
31 173 204
364 845 1209
890 221 1111
861 666 1527
990 523 1513
132 497 629
632 59 691
471 739 1210
691 610 1301
843 356 1199
946 664 1610
0 582 582
529 297 826
687 867 1554
693 979 1672
506 788 1294
255 426 681
436 457 893
196 690 886
730 792 1522
589 110 699
716 301 1017
358 568 926
113 978 1091
981 573 1554
715 521 1236
115 162 277
550 674 1224
265 652 917
635 293 928
284 345 629
121 158 279
50 650 700
538 616 1154
50 761 811
445 438 883
858 725 1583
893 728 1621
442 367 809
931 664 1595
838 134 972
172 815 987
246 744 990
554 557 1111
245 144 389
320 434 754
898 461 1359
19 875 894
155 992 1147
770 730 1500
662 898 1560
349 438 787
44 806 850
574 354 928
985 760 1745
437 28 465
721 865 1586
313 901 1214
725 157 882
353 926 1279
876 305 1181
765 491 1256
645 899 1544
680 13 693
356 406 762
84 957 1041
797 207 1004
8 776 784
886 985 1871
892 762 1654
254 134 388
666 628 1294
559 934 1493
753 55 808
490 616 1106
852 626 1478
288 131 419
578 347 925
448 373 821
151 886 1037
854 946 1800
439 91 530
644 873 1517
766 766 1532
323 173 496
165 389 554
958 939 1897
645 542 1187
539 407 946
443 688 1131
375 196 571
613 455 1068
277 649 926
781 125 906
133 180 313
659 53 712
423 765 1188
34 508 542
990 819 1809
766 779 1545
763 508 1271
566 12 578
745 300 1045
78 244 322
3 839 842
957 321 1278
637 273 910
874 13 887
600 303 903
880 44 924
940 312 1252
236 776 1012
471 168 639
689 491 1180
10 346 356
995 661 1656
579 708 1287
709 389 1098
405 8 413
399 106 505
843 127 970
349 701 1050
601 710 1311
938 375 1313
806 672 1478
459 921 1380
1 730 731
989 317 1306
439 257 696
250 971 1221
502 943 1445
760 376 1136
927 844 1771
790 465 1255
455 460 915
964 87 1051
163 185 348
641 874 1515
294 688 982
304 576 880
592 209 801
40 789 829
905 86 991
787 231 1018
410 864 1274
455 310 765
323 413 736
928 510 1438
358 304 662
292 884 1176
715 662 1377
624 961 1585
413 52 465
422 874 1296
112 879 991
615 547 1162
253 780 1033
168 234 402
430 713 1143
973 704 1677
42 385 427
339 541 880
115 705 820
764 82 846
221 397 618
390 254 644
496 782 1278
333 228 561
858 551 1409
506 43 549
813 705 1518
830 183 1013
393 546 939
669 886 1555
584 392 976
365 397 762
883 325 1208
273 257 530
337 658 995
411 545 956
761 587 1348
719 575 1294
151 78 229
195 429 624
239 885 1124
575 454 1029
579 431 1010
41 824 865
32 318 350
445 24 469
700 618 1318
50 373 423
268 705 973
846 346 1192
482 73 555
849 675 1524
40 406 446
121 765 886
737 764 1501
465 781 1246
273 876 1149
288 28 316
489 997 1486
194 654 848
83 167 250
367 906 1273
933 33 966
27 296 323
529 519 1048
518 488 1006
470 124 594
48 742 790
29 921 950
29 194 223
774 583 1357
138 865 1003
410 816 1226
162 789 951
831 110 941
134 606 740
42 9 51
445 580 1025
507 117 624
865 637 1502
123 694 817
927 646 1573
634 740 1374
309 437 746
140 554 694
613 584 1197
213 37 250
171 360 531
361 318 679
195 471 666
248 16 264
738 438 1176
987 854 1841
226 870 1096
361 599 960
458 159 617
755 285 1040
563 758 1321
324 158 482
470 8 478
750 847 1597
591 220 811
489 416 905
203 750 953
880 148 1028
167 478 645
632 565 1197
799 58 857
371 676 1047
574 206 780
288 965 1253
281 765 1046
64 287 351
270 789 1059
258 64 322
383 554 937
497 504 1001
430 434 864
887 545 1432
548 536 1084
96 313 409
329 308 637
887 595 1482
582 634 1216
667 444 1111
168 961 1129
831 378 1209
991 579 1570
307 368 675
195 925 1120
560 210 770
737 539 1276
502 49 551
579 588 1167
145 806 951
311 80 391
205 283 488
334 988 1322
36 185 221
388 557 945
935 16 951
494 904 1398
463 523 986
936 143 1079
290 274 564
901 969 1870
999 784 1783
640 955 1595
956 740 1696
528 765 1293
397 451 848
789 400 1189
195 684 879
188 419 607
150 211 361
818 146 964
18 74 92
3 265 268
764 487 1251
759 3 762
795 846 1641
181 870 1051
887 541 1428
618 209 827
522 691 1213
86 83 169
570 505 1075
976 553 1529
35 166 201
204 401 605
736 670 1406
373 610 983
931 775 1706
435 9 444
115 816 931
277 858 1135
109 674 783
774 783 1557
771 608 1379
881 544 1425
361 947 1308
411 72 483
908 861 1769
333 2 335
62 746 808
385 74 459
400 787 1187
35 34 69
657 530 1187
340 62 402
833 58 891
390 564 954
131 574 705
537 354 891
838 49 887
661 230 891
570 162 732
207 306 513
282 755 1037
259 644 903
629 278 907
567 803 1370
763 543 1306
356 68 424
144 743 887
643 44 687
215 161 376
660 400 1060
31 488 519
673 851 1524
130 357 487
655 904 1559
