[[9988   22]
 [   6 9984]]
Validation Avg: 0.998600001335
Train Avg: 0.999587500393


[[1]
 [1]
 [1]
 [1]
 [0]
 [0]
 [1]
 [1]
 [0]
 [1]
 [0]
 [1]
 [1]
 [1]
 [0]
 [0]
 [0]
 [1]
 [1]
 [1]]    [1]
[[1]
 [0]
 [0]
 [1]
 [0]
 [0]
 [1]
 [1]
 [0]
 [1]
 [0]
 [1]
 [1]
 [1]
 [1]
 [0]
 [1]
 [0]
 [1]
 [0]]    [1]
[[1]
 [1]
 [1]
 [1]
 [0]
 [0]
 [1]
 [0]
 [0]
 [1]
 [0]
 [0]
 [1]
 [1]
 [1]
 [1]
 [1]
 [1]
 [1]
 [0]]    [1]
[[0]
 [0]
 [1]
 [0]
 [0]
 [0]
 [0]
 [0]
 [0]
 [0]
 [1]
 [1]
 [0]
 [0]
 [0]
 [0]
 [0]
 [1]
 [0]
 [1]]    [1]
[[1]
 [1]
 [1]
 [1]
 [0]
 [0]
 [0]
 [1]
 [0]
 [1]
 [0]
 [1]
 [1]
 [1]
 [1]
 [0]
 [1]
 [0]
 [1]
 [1]]    [1]
[[1]
 [1]
 [1]
 [1]
 [0]
 [1]
 [1]
 [1]
 [0]
 [1]
 [0]
 [1]
 [1]
 [1]
 [1]
 [1]
 [0]
 [1]
 [1]
 [0]]    [1]
[[1]
 [0]
 [0]
 [1]
 [1]
 [0]
 [1]
 [1]
 [0]
 [1]
 [0]
 [1]
 [1]
 [1]
 [1]
 [0]
 [1]
 [1]
 [1]
 [0]]    [1]
[[1]
 [1]
 [1]
 [1]
 [0]
 [0]
 [1]
 [1]
 [1]
 [1]
 [0]
 [1]
 [1]
 [1]
 [1]
 [0]
 [1]
 [1]
 [0]
 [0]]    [0]
[[1]
 [1]
 [1]
 [1]
 [0]
 [0]
 [0]
 [1]
 [0]
 [1]
 [0]
 [1]
 [1]
 [1]
 [1]
 [0]
 [1]
 [0]
 [0]
 [0]]    [1]
[[1]
 [1]
 [1]
 [1]
 [0]
 [1]
 [0]
 [1]
 [0]
 [1]
 [0]
 [1]
 [1]
 [1]
 [1]
 [0]
 [1]
 [1]
 [1]
 [1]]    [1]
[[1]
 [1]
 [1]
 [1]
 [0]
 [0]
 [1]
 [1]
 [0]
 [1]
 [0]
 [0]
 [1]
 [1]
 [1]
 [0]
 [1]
 [0]
 [1]
 [1]]    [1]