[[9670  615]
 [ 364 9351]]
Validation Avg: 0.951050002277
Train Avg: 0.939300003126


[1 0 1 1 1 0 0 1 0 1 1 1 0 1 1 0 1 1 0 1]    [1]
[1 1 1 0 0 0 0 1 1 0 1 0 1 0 1 1 1 1 1 1]    [1]
[0 0 0 1 1 1 1 0 1 1 0 1 1 1 0 0 1 1 1 1]    [1]
[0 0 0 1 0 1 1 0 0 1 1 1 0 1 0 1 1 1 0 1]    [1]
[1 0 0 1 1 0 0 0 0 1 1 0 0 1 0 0 1 1 0 1]    [1]
[1 0 0 0 1 0 0 0 1 0 1 0 0 0 1 1 0 0 1 1]    [0]
[0 1 1 0 1 1 1 1 0 0 0 1 0 1 0 1 1 1 0 0]    [1]
[1 1 0 0 0 0 1 1 1 1 0 1 1 1 1 1 0 0 1 1]    [1]
[0 0 0 0 0 1 1 0 1 0 1 0 1 0 1 1 1 0 0 0]    [0]
[1 1 0 1 0 0 1 1 1 0 0 1 1 0 1 0 1 0 1 0]    [1]
[0 0 1 1 1 1 0 0 0 0 1 0 0 1 0 1 1 1 1 1]    [1]