[[8794  881]
 [1240 9085]]
Validation Avg: 0.825750000874
Train Avg: 0.814679167581


[1 0 1 1 1 0 0 1 0 1 1 1 0 1 1 0 1 1 0 1]    [1]
[1 0 1 1 0 0 0 1 1 0 1 0 1 0 1 1 1 0 0 1]    [1]
[1 1 0 1 1 0 0 1 1 1 1 1 1 1 1 0 1 0 0 0]    [1]
[1 1 1 0 1 0 0 1 0 1 1 1 1 1 1 0 0 1 1 1]    [0]
[0 0 0 1 1 0 0 1 1 0 1 1 0 1 1 0 1 0 0 0]    [1]
[0 1 0 1 1 0 1 0 1 0 1 1 0 1 1 0 0 0 0 1]    [0]
[1 0 0 1 0 0 0 0 0 1 0 1 0 0 1 0 0 0 0 1]    [0]
[0 1 1 1 0 0 1 0 1 0 1 1 0 0 1 1 0 0 0 1]    [0]
[0 1 1 0 0 0 0 1 0 1 1 0 0 1 1 1 1 1 1 0]    [1]
[1 0 0 0 1 0 0 0 1 0 1 0 0 0 1 1 0 0 1 1]    [0]
[0 0 1 1 0 0 0 1 1 0 0 0 0 1 1 0 0 0 0 1]    [1]