[[3572  893]
 [6462 9073]]
Validation Avg: 0.791650000811
Train Avg: 0.779568751436


[1 0 1 0 1 0 1 0 0 0 0 0 1 0 0 0 0 1 1 1]    [0]
[1 1 0 1 0 0 0 0 0 0 1 0 0 1 1 1 0 0 0 1]    [0]
[1 1 1 0 0 1 0 1 0 1 0 1 0 1 1 1 0 1 1 0]    [0]
[0 0 0 1 0 1 1 1 1 1 1 0 1 1 0 0 1 0 0 0]    [0]
[0 0 0 0 0 1 0 1 1 0 1 1 0 1 0 1 1 1 1 0]    [0]
[0 0 0 1 0 0 1 1 0 0 1 0 0 1 0 1 1 0 0 1]    [0]
[0 1 0 0 1 1 0 1 0 0 0 1 1 1 1 1 1 1 0 0]    [1]
[0 1 0 0 1 1 0 1 0 0 1 1 0 0 0 0 1 0 1 0]    [0]
[0 1 0 1 1 1 0 0 1 0 1 1 0 1 1 1 1 0 0 0]    [1]
[0 0 1 1 1 0 1 0 0 0 1 1 0 1 1 0 1 1 1 1]    [0]
[0 1 0 0 0 1 1 1 1 0 1 0 1 1 1 0 0 1 0 0]    [0]