[[9777 2957]
 [ 197 7069]]
Validation Avg: 0.876150000195
Train Avg: 0.840991666166


[1 0 0 1 0 0 1 1 0 0 0 1 0 0 1 0 1 0 0 0]    [1]
[0 0 0 0 1 0 0 0 0 1 1 0 0 0 1 1 0 0 0 0]    [1]
[0 0 0 1 1 0 1 1 0 0 0 0 0 0 0 0 1 0 0 0]    [1]
[1 0 1 1 1 1 1 1 1 1 0 1 1 0 1 0 1 1 0 1]    [1]
[0 1 1 1 1 0 0 1 0 0 1 0 0 1 0 0 1 0 1 0]    [1]
[0 1 1 0 0 0 1 1 0 1 1 0 1 0 0 0 1 0 0 1]    [1]
[1 0 1 1 0 1 1 0 1 1 1 0 0 0 0 0 0 0 1 0]    [1]
[0 0 0 1 1 0 0 0 1 1 1 1 1 0 1 0 1 1 1 0]    [1]
[0 0 1 1 0 0 0 1 1 0 1 1 0 0 1 1 0 1 1 1]    [1]
[0 0 1 1 0 0 0 0 1 1 0 1 0 0 1 1 0 1 1 0]    [1]
[1 1 1 0 1 0 0 1 0 1 0 0 0 1 0 0 1 0 0 1]    [1]