[[9281 1621]
 [ 693 8405]]
Validation Avg: 0.893075000793
Train Avg: 0.858356249945


[1 0 0 1 0 0 1 1 0 0 0 1 0 0 1 0 1 0 0 0]    [1]
[1 1 1 0 0 0 1 1 0 0 1 0 1 0 0 1 1 1 1 0]    [1]
[0 0 0 1 1 0 1 1 0 0 0 0 0 0 0 0 1 0 0 0]    [1]
[1 0 0 0 0 0 0 0 0 1 1 0 1 1 0 0 0 0 0 0]    [1]
[1 0 1 1 0 1 1 0 1 1 1 0 0 0 0 0 0 0 1 0]    [1]
[1 1 0 0 0 1 0 0 1 1 0 0 0 1 0 0 0 1 1 1]    [1]
[0 0 1 0 1 0 1 1 1 0 0 0 0 1 1 1 0 0 1 0]    [1]
[1 1 0 0 0 1 1 0 0 0 1 0 0 0 1 0 0 0 1 0]    [1]
[1 0 1 1 1 0 1 0 1 1 1 1 1 1 1 1 1 1 1 1]    [1]
[1 0 0 0 1 0 0 1 1 1 0 0 0 0 0 0 1 1 1 0]    [0]
[0 1 1 0 0 0 1 1 0 1 1 0 1 1 1 1 1 0 0 0]    [1]