[[8099   88]
 [1875 9938]]
Validation Avg: 0.901850001216
Train Avg: 0.858375001042


[1 1 1 1 1 1 0 1 1 1 1 0 1 0 1 1 1 1 1 0]    [0]
[0 1 1 0 1 1 0 1 1 1 0 1 1 1 1 1 0 1 1 0]    [0]
[1 0 0 1 1 0 1 1 1 0 1 0 0 0 1 1 0 0 1 0]    [0]
[1 0 1 0 1 1 1 1 0 1 1 1 0 1 1 0 0 1 1 1]    [0]
[0 1 1 0 0 0 1 1 0 1 1 0 1 0 0 0 1 0 0 1]    [1]
[0 0 0 1 0 1 0 1 1 0 1 1 1 0 0 1 0 0 0 0]    [0]
[0 0 1 0 0 1 0 0 1 1 1 0 1 0 0 0 1 0 0 1]    [0]
[1 0 1 0 1 1 0 0 1 0 1 0 1 1 1 1 0 0 0 0]    [0]
[1 0 1 1 0 1 0 1 1 1 1 0 0 0 1 0 1 1 1 0]    [0]
[0 0 1 1 0 1 1 1 0 0 1 1 0 1 1 1 1 0 1 0]    [0]
[0 1 1 0 1 0 1 0 0 0 1 1 1 1 0 0 1 0 0 1]    [0]