[[5314 5285]
 [4721 4680]]
Validation Avg: 0.499699998647
Train Avg: 0.578462499045


[[0]
 [1]
 [0]
 [1]
 [1]
 [0]
 [1]
 [0]
 [0]
 [1]
 [1]
 [1]
 [0]
 [1]
 [1]
 [1]
 [0]
 [1]
 [0]
 [1]
 [1]
 [1]
 [1]
 [1]
 [1]
 [0]
 [0]
 [1]
 [1]
 [1]]    [0]
[[0]
 [0]
 [0]
 [0]
 [1]
 [0]
 [0]
 [0]
 [1]
 [1]
 [0]
 [1]
 [1]
 [1]
 [0]
 [1]
 [0]
 [1]
 [0]
 [1]
 [0]
 [1]
 [1]
 [0]
 [1]
 [1]
 [1]
 [1]
 [0]
 [1]]    [0]
[[0]
 [0]
 [1]
 [1]
 [0]
 [0]
 [1]
 [0]
 [1]
 [0]
 [1]
 [1]
 [0]
 [0]
 [1]
 [0]
 [1]
 [1]
 [0]
 [0]
 [0]
 [0]
 [1]
 [1]
 [1]
 [1]
 [1]
 [1]
 [0]
 [1]]    [0]
[[0]
 [1]
 [1]
 [0]
 [1]
 [1]
 [1]
 [1]
 [1]
 [0]
 [0]
 [1]
 [0]
 [0]
 [0]
 [1]
 [0]
 [0]
 [0]
 [1]
 [0]
 [1]
 [1]
 [0]
 [1]
 [1]
 [0]
 [0]
 [0]
 [0]]    [0]
[[1]
 [1]
 [1]
 [1]
 [1]
 [0]
 [1]
 [0]
 [1]
 [0]
 [1]
 [1]
 [0]
 [0]
 [0]
 [1]
 [1]
 [0]
 [0]
 [0]
 [1]
 [0]
 [0]
 [0]
 [0]
 [1]
 [0]
 [0]
 [0]
 [0]]    [1]
[[0]
 [1]
 [1]
 [0]
 [1]
 [0]
 [1]
 [1]
 [0]
 [1]
 [1]
 [1]
 [1]
 [0]
 [1]
 [0]
 [0]
 [1]
 [1]
 [1]
 [1]
 [1]
 [0]
 [0]
 [1]
 [0]
 [0]
 [1]
 [1]
 [0]]    [0]
[[0]
 [1]
 [0]
 [1]
 [1]
 [0]
 [0]
 [1]
 [1]
 [1]
 [0]
 [0]
 [1]
 [1]
 [1]
 [0]
 [1]
 [1]
 [0]
 [1]
 [0]
 [1]
 [1]
 [1]
 [0]
 [0]
 [0]
 [0]
 [1]
 [1]]    [1]
[[0]
 [0]
 [1]
 [0]
 [0]
 [0]
 [0]
 [1]
 [1]
 [1]
 [0]
 [1]
 [0]
 [1]
 [0]
 [0]
 [0]
 [1]
 [1]
 [0]
 [1]
 [0]
 [1]
 [0]
 [0]
 [1]
 [0]
 [0]
 [0]
 [0]]    [1]
[[1]
 [1]
 [0]
 [0]
 [1]
 [0]
 [1]
 [1]
 [1]
 [0]
 [0]
 [0]
 [0]
 [1]
 [1]
 [1]
 [1]
 [0]
 [1]
 [1]
 [0]
 [0]
 [0]
 [0]
 [0]
 [1]
 [0]
 [0]
 [1]
 [0]]    [0]
[[1]
 [0]
 [0]
 [0]
 [1]
 [0]
 [0]
 [0]
 [0]
 [0]
 [1]
 [1]
 [0]
 [0]
 [0]
 [1]
 [0]
 [0]
 [0]
 [0]
 [0]
 [0]
 [0]
 [0]
 [0]
 [0]
 [1]
 [1]
 [0]
 [0]]    [1]
[[0]
 [0]
 [1]
 [1]
 [0]
 [0]
 [1]
 [0]
 [0]
 [0]
 [1]
 [0]
 [1]
 [0]
 [0]
 [1]
 [0]
 [1]
 [1]
 [1]
 [0]
 [1]
 [1]
 [1]
 [1]
 [1]
 [1]
 [0]
 [0]
 [0]]    [1]