[[3938 3952]
 [6018 6092]]
Validation Avg: 0.4975333302219709
Train Avg: 0.520616663719217


[0 0 0 1 0 0 0 0 1 1 1 0 0 1 1 0 0 0 1 1]    [0]
[1 0 1 1 0 0 0 0 0 1 1 1 1 0 1 1 0 1 0 0]    [0]
[0 0 1 1 0 0 1 0 1 1 0 1 1 0 0 0 0 0 1 1]    [1]
[1 0 1 0 1 0 0 0 0 0 0 1 0 1 0 0 0 1 0 1]    [1]
[0 1 0 1 0 1 1 1 1 0 0 1 0 0 1 1 0 1 1 1]    [0]
[1 1 0 1 0 0 1 1 0 0 1 0 1 0 1 0 0 1 0 0]    [1]
[0 0 1 0 1 1 0 1 1 1 0 1 1 0 1 0 0 0 1 0]    [0]
[0 0 0 0 1 0 0 1 0 1 0 1 0 1 0 1 0 1 0 1]    [0]
[0 1 0 0 1 0 0 1 0 1 0 0 0 0 1 1 0 0 0 0]    [0]
[0 1 0 0 0 1 0 1 1 0 0 0 0 1 1 1 0 1 0 0]    [0]
[0 0 0 1 0 0 0 0 0 1 1 0 0 0 1 1 0 0 0 1]    [0]