[[4717 4821]
 [5239 5223]]
Validation Avg: 0.49909999683499334
Train Avg: 0.5250562467984856


[1 0 1 1 0 1 1 0 0 0 1 1 0 0 1 1 1 0 0 0]    [0]
[0 1 1 1 0 1 0 1 0 1 1 0 1 1 1 0 1 0 1 0]    [0]
[1 1 0 1 1 0 0 1 1 1 0 1 1 1 0 1 1 1 1 1]    [1]
[0 0 1 0 1 1 0 1 1 1 0 1 1 0 1 0 0 0 1 0]    [0]
[0 0 0 0 1 0 0 1 0 1 0 1 0 1 0 1 0 1 0 1]    [0]
[0 1 0 0 1 0 0 1 0 1 0 0 0 0 1 1 0 0 0 0]    [0]
[0 1 0 0 0 1 0 1 1 0 0 0 0 1 1 1 0 1 0 0]    [0]
[0 0 1 1 1 0 0 0 0 1 0 0 0 1 0 0 0 1 1 1]    [0]
[1 1 1 0 1 1 0 0 1 0 1 1 1 0 0 0 1 0 0 0]    [0]
[1 1 0 0 1 1 1 1 1 0 1 1 0 0 0 1 0 0 1 0]    [1]
[0 0 1 0 1 0 0 0 1 0 0 1 0 0 0 1 0 0 1 0]    [0]