[[4894 4719]
 [5062 5325]]
Validation Avg: 0.5109499979019165
Train Avg: 0.5329624987393617


[1 0 1 1 0 0 0 0 0 1 1 1 1 0 1 1 0 1 0 0]    [0]
[0 0 1 1 0 0 1 0 1 1 0 1 1 0 0 0 0 0 1 1]    [1]
[1 0 1 0 1 0 0 0 0 0 0 1 0 1 0 0 0 1 0 1]    [1]
[0 1 0 1 0 1 1 1 1 0 0 1 0 0 1 1 0 1 1 1]    [0]
[1 1 0 1 1 0 0 1 1 1 0 1 1 1 0 1 1 1 1 1]    [1]
[1 1 1 1 1 0 0 0 0 0 0 0 1 0 0 1 0 0 1 0]    [0]
[1 1 1 1 1 1 1 0 1 0 0 0 0 0 1 1 1 0 1 1]    [1]
[0 0 1 1 1 0 0 0 0 1 0 0 0 1 0 0 0 1 1 1]    [0]
[1 1 1 0 1 1 0 0 1 0 1 1 1 0 0 0 1 0 0 0]    [0]
[1 1 0 0 1 1 1 1 1 0 1 1 0 0 0 1 0 0 1 0]    [1]
[0 0 1 0 1 0 0 0 1 0 0 1 0 0 0 1 0 0 1 0]    [0]