[[5260 5366]
 [4696 4678]]
Validation Avg: 0.5039249979704619
Train Avg: 0.5300062476284801


[1 0 1 1 0 0 0 0 0 1 1 1 1 0 1 1 0 1 0 0]    [0]
[0 0 1 1 0 0 1 0 1 1 0 1 1 0 0 0 0 0 1 1]    [1]
[1 0 1 0 1 0 0 0 0 0 0 1 0 1 0 0 0 1 0 1]    [1]
[1 1 0 1 1 0 0 1 1 1 0 1 1 1 0 1 1 1 1 1]    [1]
[1 1 0 1 0 0 1 1 0 0 1 0 1 0 1 0 0 1 0 0]    [1]
[0 0 1 0 1 1 0 1 1 1 0 1 1 0 1 0 0 0 1 0]    [0]
[1 1 1 1 1 0 0 0 0 0 0 0 1 0 0 1 0 0 1 0]    [0]
[0 1 0 0 1 0 0 1 0 1 0 0 0 0 1 1 0 0 0 0]    [0]
[0 0 0 1 0 0 0 0 0 1 1 0 0 0 1 1 0 0 0 1]    [0]
[0 0 1 1 1 0 0 0 0 1 0 0 0 1 0 0 0 1 1 1]    [0]
[1 1 1 0 1 1 0 0 1 0 1 1 1 0 0 0 1 0 0 0]    [0]