[[4539 4615]
 [5417 5429]]
Validation Avg: 0.4955499968677759
Train Avg: 0.5199687472172081


[0 1 1 1 0 1 0 1 0 1 1 0 1 1 1 0 1 0 1 0]    [0]
[1 0 1 1 0 0 0 0 0 1 1 1 1 0 1 1 0 1 0 0]    [0]
[0 0 1 1 0 0 1 0 1 1 0 1 1 0 0 0 0 0 1 1]    [1]
[0 0 1 0 1 1 0 1 1 1 0 1 1 0 1 0 0 0 1 0]    [0]
[1 1 1 1 1 0 0 0 0 0 0 0 1 0 0 1 0 0 1 0]    [0]
[1 1 1 1 1 1 1 0 1 0 0 0 0 0 1 1 1 0 1 1]    [1]
[0 0 0 0 1 0 0 1 0 1 0 1 0 1 0 1 0 1 0 1]    [0]
[0 0 1 1 1 0 0 0 0 1 0 0 0 1 0 0 0 1 1 1]    [0]
[1 1 1 0 1 1 0 0 1 0 1 1 1 0 0 0 1 0 0 0]    [0]
[0 0 1 0 1 0 0 0 1 0 0 1 0 0 0 1 0 0 1 0]    [0]
[1 1 1 0 1 0 0 0 1 1 0 0 1 0 0 1 1 0 1 0]    [0]