[[7558 1301]
 [2393 8748]]
Validation Avg: 0.81529999733
Train Avg: 0.817474997193


[0 0 0 1 0 0 0 0 1 0 1 0 0 1 0 1 1 1 0 1]    [0]
[1 1 1 0 0 1 1 0 0 0 1 0 1 0 1 0 1 0 0 1]    [0]
[1 1 1 0 0 0 1 0 1 1 0 1 0 0 1 0 1 0 0 1]    [0]
[1 0 1 1 1 0 0 0 1 1 0 1 1 0 1 0 0 1 1 1]    [0]
[0 0 1 1 0 1 1 1 0 0 1 1 1 1 0 0 1 0 1 1]    [0]
[0 1 1 1 1 0 0 0 0 0 0 1 0 1 1 1 1 0 0 1]    [0]
[1 0 1 0 0 1 0 0 0 1 1 1 1 0 0 0 1 1 0 0]    [1]
[1 0 0 0 1 1 1 0 0 1 1 0 1 1 1 1 1 1 1 1]    [0]
[1 1 1 1 0 1 1 0 1 1 1 0 1 1 1 1 0 1 1 1]    [0]
[1 0 0 1 0 0 0 0 1 1 1 1 0 1 1 0 0 1 0 0]    [1]
[1 0 1 0 0 1 1 0 1 0 0 0 0 1 0 0 0 1 0 1]    [0]