[[9935  798]
 [  16 9251]]
Validation Avg: 0.951475002915
Train Avg: 0.949425001927


[1 0 1 0 0 1 1 1 0 0 0 0 1 1 1 1 1 1 1 1]    [1]
[0 1 0 0 1 0 1 0 1 0 0 0 1 0 0 0 1 1 1 1]    [1]
[1 1 0 1 1 1 1 1 1 0 0 0 1 0 1 1 1 1 1 1]    [1]
[1 1 1 0 1 0 1 1 1 0 1 0 0 0 1 1 1 1 0 1]    [1]
[0 1 1 1 0 1 1 1 1 1 0 0 1 0 1 0 0 1 0 0]    [1]
[0 1 0 0 0 0 1 1 1 1 0 1 1 0 1 1 0 1 0 1]    [1]
[0 0 0 0 1 1 1 0 1 0 0 0 1 0 1 0 0 1 1 1]    [1]
[0 1 1 0 1 0 1 1 0 0 0 1 0 0 0 1 1 1 1 1]    [1]
[1 1 1 1 0 1 1 1 0 0 0 0 1 1 1 1 0 1 0 1]    [1]
[1 0 0 0 1 1 1 1 1 1 0 0 1 0 1 1 0 0 1 0]    [1]
[1 1 1 0 1 1 1 0 1 1 1 0 1 0 1 1 1 0 1 1]    [1]