[[5004 4991]
 [4947 5058]]
Validation Avg: 0.68013333107
Train Avg: 0.683549998129


[0 0 0 1 0 0 0 0 1 0 1 0 0 1 0 1 1 1 0 1]    [0]
[1 1 1 0 0 1 1 0 0 0 1 0 1 0 1 0 1 0 0 1]    [0]
[1 1 1 0 0 0 1 0 1 1 0 1 0 0 1 0 1 0 0 1]    [0]
[0 1 0 0 1 1 0 1 1 0 0 1 0 0 1 1 1 0 0 0]    [1]
[1 0 1 0 0 1 0 1 1 1 0 1 1 0 0 1 1 1 0 0]    [1]
[0 0 1 1 0 0 0 0 1 0 0 1 1 0 1 1 1 1 1 0]    [0]
[1 0 1 1 1 0 1 1 1 0 0 1 1 1 1 0 1 0 1 1]    [0]
[0 0 1 1 0 1 1 1 0 0 1 1 1 1 0 0 1 0 1 1]    [0]
[1 0 0 0 0 0 0 1 0 0 1 1 1 0 1 0 0 0 1 1]    [0]
[1 0 1 0 0 1 0 0 0 1 1 1 1 0 0 0 1 1 0 0]    [1]
[0 0 0 1 1 0 0 1 0 1 0 0 1 0 1 0 0 1 1 1]    [1]