[[9045 1491]
 [ 906 8558]]
Validation Avg: 0.910833336016
Train Avg: 0.910141670331


[0 0 0 0 1 0 1 1 1 1 1 1 1 1 1 1 1 1 1 0]    [0]
[0 1 1 0 0 1 0 1 0 1 0 0 1 1 0 1 1 1 0 1]    [1]
[1 0 0 0 1 0 1 1 1 0 1 0 1 1 1 1 0 0 1 1]    [0]
[0 1 0 1 1 0 1 0 0 1 0 0 1 1 0 1 0 1 0 1]    [0]
[0 0 1 1 0 0 1 1 1 1 0 0 1 0 1 1 1 0 0 1]    [1]
[1 1 1 0 1 1 1 1 0 1 1 0 1 1 1 1 0 1 0 0]    [0]
[1 1 1 1 0 1 1 0 1 1 1 0 1 1 1 1 0 1 1 1]    [0]
[0 1 0 0 0 0 1 1 0 1 1 1 0 1 0 1 0 1 1 1]    [1]
[1 1 1 0 0 0 1 1 1 1 1 0 1 1 0 1 0 1 0 0]    [0]
[1 0 0 1 1 0 1 1 1 0 1 1 0 1 1 1 0 1 0 1]    [1]
[1 1 0 1 1 0 1 0 1 0 0 0 1 1 1 1 0 1 0 0]    [1]