[[9072  351]
 [ 879 9698]]
Validation Avg: 0.947150002619
Train Avg: 0.946700001781


[0 1 0 0 1 0 0 1 1 0 0 1 1 1 0 1 1 0 1 0]    [0]
[0 1 0 0 0 1 0 0 0 1 1 0 1 0 1 1 1 1 1 0]    [0]
[0 0 1 1 0 0 1 1 1 1 0 0 1 0 1 1 1 0 0 1]    [1]
[1 0 0 0 1 1 1 0 0 1 1 0 1 1 1 1 1 1 1 1]    [0]
[0 0 1 1 1 0 1 0 1 1 1 0 0 1 1 0 0 1 0 1]    [1]
[1 1 0 0 1 1 1 0 0 0 0 0 1 1 1 0 1 1 0 0]    [0]
[1 0 1 0 1 1 0 0 0 0 0 0 0 1 0 1 1 0 0 1]    [0]
[1 0 1 0 1 1 0 1 1 0 1 0 1 1 1 1 1 1 1 0]    [0]
[1 0 0 0 0 1 0 0 0 0 0 0 1 0 0 0 1 0 1 1]    [0]
[1 1 0 0 1 1 1 0 1 1 1 0 0 1 0 1 0 1 1 0]    [0]
[1 1 0 0 1 0 0 0 0 0 0 1 1 0 0 1 1 1 1 1]    [0]