[[9834  314]
 [ 117 9735]]
Validation Avg: 0.978450009525
Train Avg: 0.980075010434


[0 1 1 0 0 0 0 1 1 0 0 1 1 1 0 0 0 1 1 0]    [1]
[0 1 1 0 0 1 0 0 1 1 0 0 1 1 1 1 1 0 1 0]    [1]
[0 0 1 0 0 1 1 1 1 0 1 0 1 1 1 0 1 0 0 1]    [1]
[0 1 1 0 1 1 0 1 0 0 0 1 1 1 1 0 1 1 0 0]    [1]
[1 0 0 1 1 0 1 0 0 0 0 0 0 1 0 1 1 1 0 0]    [0]
[0 0 0 0 0 1 0 1 0 0 0 1 1 1 1 0 0 0 0 1]    [1]
[1 1 0 1 1 0 1 0 1 1 1 0 0 0 0 0 1 1 0 0]    [0]
[0 0 1 0 1 0 0 1 1 0 0 1 0 0 1 0 1 0 1 1]    [1]
[0 1 0 0 0 1 0 1 0 0 1 1 0 1 1 0 0 0 1 1]    [1]
[0 1 1 0 0 0 1 1 1 0 0 1 1 1 1 1 0 0 0 1]    [1]
[1 0 1 0 0 0 0 1 1 0 0 1 0 1 1 0 1 0 0 1]    [1]