[[9130  306]
 [ 821 9743]]
Validation Avg: 0.943650001287
Train Avg: 0.942562501356


[0 0 0 0 1 0 1 1 1 1 1 1 1 1 1 1 1 1 1 0]    [0]
[1 0 1 0 0 1 0 1 1 1 0 1 1 0 0 1 1 1 0 0]    [1]
[1 0 1 1 1 0 0 0 1 1 0 1 1 0 1 0 0 1 1 1]    [0]
[1 0 0 0 1 0 0 1 1 1 1 0 0 0 1 0 1 1 0 0]    [1]
[1 1 0 0 0 1 1 0 1 1 0 1 1 0 1 1 1 1 0 0]    [0]
[1 0 1 0 1 0 0 1 1 0 0 1 1 0 0 1 1 0 1 0]    [0]
[1 1 0 0 1 1 0 1 1 0 1 0 1 0 1 0 1 0 0 0]    [0]
[0 0 0 0 1 0 0 0 1 0 1 1 1 0 1 0 1 0 0 0]    [1]
[0 0 0 0 1 0 0 1 0 1 1 1 1 0 0 0 1 1 1 0]    [1]
[1 1 0 0 1 0 0 1 1 1 0 1 1 1 1 1 0 1 1 1]    [0]
[1 1 1 0 1 1 0 1 1 0 0 1 1 0 1 1 1 0 0 0]    [0]