[[9079 1650]
 [ 872 8399]]
Validation Avg: 0.926175004691
Train Avg: 0.925843755156


[0 0 0 1 0 0 0 0 1 0 1 0 0 1 0 1 1 1 0 1]    [0]
[0 0 1 1 0 0 0 0 1 0 0 1 1 0 1 1 1 1 1 0]    [0]
[0 1 1 1 0 0 1 0 1 0 1 1 0 0 1 1 1 0 1 1]    [0]
[0 1 1 1 0 0 1 0 0 0 0 1 0 0 0 1 0 1 0 0]    [1]
[1 0 1 0 0 1 1 0 1 1 0 1 0 1 1 1 0 1 1 1]    [1]
[0 1 1 1 1 0 0 0 1 0 0 1 0 0 1 0 0 1 1 1]    [0]
[1 1 0 0 0 1 1 0 1 1 0 1 1 0 1 1 1 1 0 0]    [0]
[0 1 0 1 0 1 0 0 1 1 1 1 0 0 0 1 0 0 1 1]    [0]
[1 0 0 1 1 1 1 1 1 0 0 1 1 0 0 0 1 1 1 1]    [1]
[0 0 0 0 1 0 0 1 0 1 1 0 1 1 0 0 1 1 0 1]    [1]
[0 1 0 1 0 1 0 0 0 0 0 0 0 0 0 1 1 1 0 0]    [0]