[[6702 2311]
 [3249 7738]]
Validation Avg: 0.768649998307
Train Avg: 0.763581249081


[0 1 0 0 1 0 0 1 1 0 0 1 1 1 0 1 1 0 1 0]    [0]
[0 0 0 0 1 0 1 1 1 1 1 1 1 1 1 1 1 1 1 0]    [0]
[1 0 1 0 0 1 0 1 1 1 0 1 1 0 0 1 1 1 0 0]    [1]
[0 0 1 1 0 0 0 0 1 0 0 1 1 0 1 1 1 1 1 0]    [0]
[1 0 1 1 1 0 1 0 1 1 0 0 0 1 1 0 0 0 0 0]    [1]
[0 1 1 1 0 0 1 0 1 0 1 1 0 0 1 1 1 0 1 1]    [0]
[1 1 1 1 1 0 1 0 0 1 0 1 1 1 1 1 0 1 1 0]    [0]
[1 0 1 1 1 0 1 1 1 0 0 1 1 1 1 0 1 0 1 1]    [0]
[1 0 1 0 1 1 1 0 0 0 1 0 1 0 1 1 0 1 0 0]    [0]
[0 1 1 1 1 0 0 0 0 0 0 1 0 1 1 1 1 0 0 1]    [0]
[1 0 0 0 1 1 1 0 0 1 1 0 1 1 1 1 1 1 1 1]    [0]