[[5442 5549]
 [4490 4519]]
Validation Avg: 0.498049996346
Train Avg: 0.598274998926


[[0]
 [0]
 [1]
 [0]
 [0]
 [1]
 [0]
 [0]
 [0]
 [0]
 [0]
 [0]
 [0]
 [0]
 [1]
 [1]
 [0]
 [0]
 [0]
 [0]
 [1]
 [0]
 [1]
 [1]
 [1]
 [0]
 [1]
 [1]
 [0]
 [1]]    [1]
[[0]
 [1]
 [1]
 [1]
 [0]
 [1]
 [0]
 [1]
 [0]
 [1]
 [0]
 [1]
 [0]
 [1]
 [0]
 [1]
 [0]
 [0]
 [0]
 [0]
 [0]
 [0]
 [0]
 [0]
 [0]
 [1]
 [1]
 [1]
 [1]
 [0]]    [1]
[[1]
 [1]
 [0]
 [0]
 [0]
 [1]
 [1]
 [1]
 [0]
 [0]
 [0]
 [1]
 [1]
 [0]
 [0]
 [0]
 [1]
 [0]
 [1]
 [0]
 [0]
 [0]
 [0]
 [0]
 [1]
 [1]
 [1]
 [0]
 [0]
 [1]]    [1]
[[0]
 [1]
 [1]
 [1]
 [0]
 [1]
 [0]
 [1]
 [1]
 [1]
 [0]
 [0]
 [0]
 [1]
 [0]
 [1]
 [1]
 [1]
 [1]
 [0]
 [0]
 [0]
 [0]
 [1]
 [1]
 [1]
 [1]
 [0]
 [0]
 [1]]    [1]
[[0]
 [0]
 [0]
 [1]
 [1]
 [1]
 [1]
 [1]
 [0]
 [1]
 [1]
 [1]
 [1]
 [1]
 [1]
 [0]
 [0]
 [1]
 [0]
 [1]
 [0]
 [1]
 [1]
 [1]
 [0]
 [0]
 [0]
 [1]
 [0]
 [0]]    [1]
[[0]
 [1]
 [0]
 [0]
 [1]
 [1]
 [0]
 [0]
 [1]
 [1]
 [0]
 [1]
 [0]
 [1]
 [0]
 [0]
 [1]
 [1]
 [1]
 [0]
 [0]
 [1]
 [0]
 [0]
 [0]
 [0]
 [1]
 [1]
 [0]
 [1]]    [0]
[[1]
 [1]
 [1]
 [1]
 [0]
 [1]
 [0]
 [0]
 [1]
 [1]
 [0]
 [1]
 [0]
 [1]
 [1]
 [0]
 [0]
 [1]
 [0]
 [1]
 [0]
 [1]
 [0]
 [1]
 [1]
 [1]
 [1]
 [1]
 [0]
 [0]]    [0]
[[0]
 [0]
 [1]
 [0]
 [1]
 [1]
 [0]
 [0]
 [0]
 [1]
 [1]
 [1]
 [1]
 [1]
 [1]
 [0]
 [1]
 [0]
 [0]
 [0]
 [1]
 [1]
 [0]
 [1]
 [1]
 [0]
 [1]
 [0]
 [1]
 [1]]    [1]
[[1]
 [0]
 [0]
 [0]
 [0]
 [1]
 [1]
 [1]
 [1]
 [0]
 [1]
 [1]
 [1]
 [1]
 [1]
 [1]
 [1]
 [1]
 [1]
 [0]
 [0]
 [0]
 [0]
 [1]
 [1]
 [0]
 [0]
 [1]
 [1]
 [1]]    [1]
[[0]
 [1]
 [0]
 [1]
 [1]
 [0]
 [1]
 [1]
 [1]
 [0]
 [0]
 [1]
 [0]
 [1]
 [0]
 [0]
 [0]
 [1]
 [1]
 [0]
 [1]
 [1]
 [0]
 [0]
 [1]
 [1]
 [0]
 [0]
 [0]
 [1]]    [1]
[[1]
 [0]
 [1]
 [1]
 [1]
 [1]
 [1]
 [0]
 [1]
 [1]
 [1]
 [0]
 [1]
 [0]
 [0]
 [0]
 [1]
 [0]
 [0]
 [0]
 [1]
 [1]
 [0]
 [0]
 [0]
 [1]
 [0]
 [1]
 [1]
 [1]]    [1]