[[4459 4523]
 [5473 5545]]
Validation Avg: 0.50019999668
Train Avg: 0.683637500703


[[1]
 [1]
 [1]
 [1]
 [0]
 [0]
 [0]
 [0]
 [1]
 [0]
 [0]
 [0]
 [0]
 [1]
 [0]
 [0]
 [1]
 [1]
 [0]
 [1]
 [0]
 [0]
 [1]
 [1]
 [0]
 [0]
 [1]
 [1]
 [0]
 [0]]    [1]
[[1]
 [1]
 [1]
 [0]
 [0]
 [1]
 [1]
 [1]
 [1]
 [1]
 [0]
 [0]
 [1]
 [0]
 [0]
 [1]
 [0]
 [1]
 [1]
 [0]
 [0]
 [0]
 [1]
 [1]
 [0]
 [0]
 [1]
 [0]
 [0]
 [1]]    [0]
[[1]
 [1]
 [0]
 [0]
 [0]
 [1]
 [1]
 [1]
 [0]
 [0]
 [0]
 [1]
 [1]
 [0]
 [0]
 [0]
 [1]
 [0]
 [1]
 [0]
 [0]
 [0]
 [0]
 [0]
 [1]
 [1]
 [1]
 [0]
 [0]
 [1]]    [1]
[[0]
 [0]
 [0]
 [1]
 [1]
 [1]
 [1]
 [1]
 [0]
 [1]
 [1]
 [1]
 [1]
 [1]
 [1]
 [0]
 [0]
 [1]
 [0]
 [1]
 [0]
 [1]
 [1]
 [1]
 [0]
 [0]
 [0]
 [1]
 [0]
 [0]]    [1]
[[0]
 [1]
 [0]
 [1]
 [0]
 [0]
 [0]
 [1]
 [0]
 [0]
 [1]
 [1]
 [1]
 [1]
 [0]
 [0]
 [1]
 [1]
 [1]
 [1]
 [1]
 [0]
 [1]
 [1]
 [0]
 [0]
 [0]
 [0]
 [0]
 [0]]    [0]
[[1]
 [0]
 [0]
 [1]
 [0]
 [1]
 [1]
 [0]
 [0]
 [1]
 [0]
 [1]
 [0]
 [1]
 [0]
 [0]
 [1]
 [1]
 [0]
 [1]
 [0]
 [0]
 [1]
 [0]
 [1]
 [0]
 [0]
 [1]
 [1]
 [0]]    [0]
[[0]
 [1]
 [0]
 [1]
 [0]
 [1]
 [1]
 [1]
 [1]
 [0]
 [1]
 [1]
 [1]
 [0]
 [0]
 [1]
 [0]
 [0]
 [0]
 [1]
 [1]
 [1]
 [1]
 [1]
 [0]
 [1]
 [0]
 [0]
 [0]
 [0]]    [0]
[[1]
 [0]
 [1]
 [1]
 [1]
 [0]
 [0]
 [1]
 [0]
 [0]
 [1]
 [1]
 [1]
 [0]
 [0]
 [1]
 [1]
 [1]
 [1]
 [0]
 [1]
 [0]
 [0]
 [0]
 [0]
 [1]
 [1]
 [0]
 [0]
 [0]]    [1]
[[1]
 [1]
 [1]
 [1]
 [0]
 [1]
 [0]
 [0]
 [1]
 [1]
 [0]
 [1]
 [0]
 [1]
 [1]
 [0]
 [0]
 [1]
 [0]
 [1]
 [0]
 [1]
 [0]
 [1]
 [1]
 [1]
 [1]
 [1]
 [0]
 [0]]    [0]
[[0]
 [1]
 [0]
 [1]
 [1]
 [0]
 [1]
 [1]
 [1]
 [0]
 [0]
 [1]
 [0]
 [1]
 [0]
 [0]
 [0]
 [1]
 [1]
 [0]
 [1]
 [1]
 [0]
 [0]
 [1]
 [1]
 [0]
 [0]
 [0]
 [1]]    [1]
[[1]
 [0]
 [0]
 [1]
 [1]
 [1]
 [1]
 [1]
 [0]
 [1]
 [0]
 [0]
 [0]
 [0]
 [1]
 [1]
 [0]
 [0]
 [0]
 [0]
 [1]
 [0]
 [0]
 [1]
 [1]
 [1]
 [0]
 [1]
 [1]
 [1]]    [0]