[[4477 4347]
 [5623 5553]]
Validation Avg: 0.498816662828
Train Avg: 0.515345830334


[1 0 1 0 1 0 1 1 1 0 0 0 1 1 0 1 0 0 1 0]    [0]
[0 0 1 0 1 0 1 0 0 0 1 1 1 0 0 1 0 0 0 1]    [0]
[0 1 0 1 1 0 0 1 1 0 1 1 0 0 0 1 1 1 0 0]    [0]
[0 0 0 0 0 1 1 1 0 1 1 0 1 1 1 1 0 0 0 0]    [1]
[0 0 0 1 1 0 1 0 1 0 1 1 1 0 0 1 1 0 0 1]    [0]
[0 0 1 0 0 1 1 1 1 0 0 0 1 1 0 1 1 0 1 0]    [0]
[0 0 1 0 1 1 0 1 0 1 0 0 1 0 1 0 0 1 0 1]    [1]
[0 0 0 1 0 1 1 0 0 0 1 1 0 1 0 0 1 0 1 0]    [0]
[0 1 1 1 0 1 1 1 1 0 0 1 0 0 1 0 1 0 1 0]    [1]
[1 1 1 1 0 0 0 0 1 1 1 0 1 0 0 1 1 1 1 1]    [1]
[1 0 1 1 1 0 1 1 0 1 0 1 0 1 1 1 0 0 0 0]    [1]