[[4299 4283]
 [5801 5617]]
Validation Avg: 0.497474995703
Train Avg: 0.514606246762


[1 0 1 0 1 0 1 1 1 0 0 0 1 1 0 1 0 0 1 0]    [0]
[0 1 0 1 1 0 0 1 1 0 1 1 0 0 0 1 1 1 0 0]    [0]
[1 1 1 0 1 1 1 1 1 1 0 0 0 0 0 0 0 1 0 1]    [1]
[0 0 0 1 1 0 1 0 1 0 1 1 1 0 0 1 1 0 0 1]    [0]
[0 1 0 1 0 1 0 1 1 1 0 1 0 1 1 1 0 1 1 1]    [1]
[0 0 1 0 0 1 1 1 1 0 0 0 1 1 0 1 1 0 1 0]    [0]
[0 0 1 0 1 1 0 1 0 1 0 0 1 0 1 0 0 1 0 1]    [1]
[1 1 1 1 0 0 0 0 1 1 1 0 1 0 0 1 1 1 1 1]    [1]
[0 0 0 0 1 1 1 0 1 0 1 0 1 0 1 0 1 0 1 0]    [1]
[1 1 0 0 1 1 1 0 0 1 0 1 0 0 0 0 0 1 1 0]    [1]
[0 0 0 1 0 0 0 1 0 1 1 0 0 0 0 0 1 1 0 1]    [1]