[[4610 4527]
 [5490 5373]]
Validation Avg: 0.499149996638
Train Avg: 0.513624996878


[1 0 1 0 1 0 1 1 1 0 0 0 1 1 0 1 0 0 1 0]    [0]
[1 1 1 0 0 0 0 1 0 1 1 1 1 0 1 1 1 0 1 0]    [0]
[0 0 1 0 1 0 1 0 0 0 1 1 1 0 0 1 0 0 0 1]    [0]
[0 1 1 1 1 1 0 0 1 1 0 0 1 0 0 1 0 1 1 0]    [1]
[0 1 0 1 1 0 0 1 1 0 1 1 0 0 0 1 1 1 0 0]    [0]
[0 0 0 0 0 1 1 1 0 1 1 0 1 1 1 1 0 0 0 0]    [1]
[1 1 1 0 1 1 1 1 1 1 0 0 0 0 0 0 0 1 0 1]    [1]
[0 0 0 1 1 0 1 0 1 0 1 1 1 0 0 1 1 0 0 1]    [0]
[0 1 0 1 0 1 0 1 1 1 0 1 0 1 1 1 0 1 1 1]    [1]
[1 1 1 1 0 0 0 1 1 1 0 0 0 0 0 1 1 1 1 1]    [0]
[0 0 1 0 0 1 1 1 1 0 0 0 1 1 0 1 1 0 1 0]    [0]