[[3522  870]
 [6478 9130]]
Validation Avg: 0.570533332378
Train Avg: 0.571158331148


[1 1 1 0 1 0 1 0 1 1 0 0 1 0 1 0 0 0 0 0]    [1]
[1 1 1 0 1 0 1 0 0 1 0 1 0 1 0 1 1 0 1 1]    [0]
[1 1 0 0 0 1 1 1 1 0 1 0 0 1 1 1 0 0 0 0]    [0]
[0 1 1 1 1 0 1 1 0 1 0 1 0 1 0 1 1 1 1 1]    [0]
[1 1 1 0 0 0 0 1 1 1 0 0 1 1 1 0 1 0 1 1]    [0]
[0 0 1 0 0 0 0 1 1 1 1 0 1 1 1 1 0 0 0 1]    [0]
[0 1 0 1 1 1 1 1 0 0 1 1 0 0 0 0 0 1 1 0]    [0]
[0 0 1 1 1 0 1 1 1 0 1 1 1 0 0 1 0 1 1 0]    [0]
[1 1 1 1 0 0 1 0 1 0 1 1 1 0 1 0 0 0 1 1]    [0]
[1 0 0 1 0 1 1 1 0 0 0 0 0 0 1 1 1 0 1 1]    [0]
[1 0 0 1 0 0 1 1 0 0 1 1 0 0 1 0 1 0 0 0]    [0]