[[3359 1975]
 [6641 8025]]
Validation Avg: 0.53949999854
Train Avg: 0.549924997371


[1 0 1 1 1 0 0 0 1 1 0 0 0 0 0 0 0 1 0 1]    [0]
[1 1 0 0 0 1 1 1 1 0 1 0 0 1 1 1 0 0 0 0]    [0]
[1 1 1 1 1 1 0 0 1 0 1 1 1 0 0 0 1 1 0 0]    [0]
[0 1 1 1 1 0 1 1 0 1 0 1 0 1 0 1 1 1 1 1]    [0]
[1 0 1 1 0 1 0 0 1 1 1 1 0 1 1 0 0 0 1 0]    [1]
[1 0 0 0 0 1 0 0 1 0 0 0 1 0 0 0 0 0 0 1]    [1]
[0 0 1 0 0 0 0 1 1 1 1 0 1 1 1 1 0 0 0 1]    [0]
[1 0 0 1 1 1 0 0 0 0 0 1 1 1 0 1 0 1 0 0]    [1]
[0 1 0 1 1 1 1 1 0 0 1 1 0 0 0 0 0 1 1 0]    [0]
[0 0 1 1 1 0 1 1 1 0 1 1 1 0 0 1 0 1 1 0]    [0]
[1 0 1 0 1 0 0 0 0 0 0 0 0 0 1 1 0 0 1 1]    [1]