[[5973 5777]
 [4027 4223]]
Validation Avg: 0.509799998552
Train Avg: 0.520474996641


[1 0 1 1 1 0 0 0 1 1 0 0 0 0 0 0 0 1 0 1]    [0]
[1 1 1 0 1 0 1 0 1 1 0 0 1 0 1 0 0 0 0 0]    [1]
[1 1 0 0 0 1 1 1 1 0 1 0 0 1 1 1 0 0 0 0]    [0]
[0 0 0 0 1 1 0 1 1 1 1 1 0 1 0 0 0 0 1 0]    [1]
[1 0 0 1 0 1 0 1 1 0 1 0 0 1 0 1 0 0 0 1]    [1]
[1 1 1 1 1 1 0 0 0 1 0 1 1 1 0 1 1 0 1 0]    [1]
[0 1 0 0 0 0 0 1 0 1 1 0 0 1 1 1 1 1 0 0]    [1]
[1 0 0 1 0 0 0 1 1 1 0 0 0 0 1 0 1 0 1 1]    [1]
[1 1 1 1 0 1 0 1 1 0 1 0 1 1 0 1 1 1 1 1]    [1]
[1 0 1 1 0 0 1 1 0 1 1 1 0 1 1 0 0 0 1 0]    [1]
[0 1 1 1 1 0 1 1 0 1 0 1 0 1 0 1 1 1 1 1]    [0]