[[9175   58]
 [ 806 9961]]
Validation Avg: 0.89060000211
Train Avg: 0.841987500096


[0 0 1 1 1 0 1 1 1 0 1 1 0 0 1 0 1 0 1 0]    [1]
[1 1 0 1 0 1 0 0 0 1 1 1 1 0 0 1 0 1 0 0]    [0]
[0 0 1 1 1 0 1 1 1 0 0 0 0 0 0 0 1 0 1 0]    [0]
[0 1 0 0 1 1 1 0 1 1 1 1 1 1 1 1 1 1 0 0]    [0]
[1 0 1 0 1 1 1 1 1 0 0 0 1 0 1 0 1 0 0 0]    [0]
[0 0 1 1 0 0 0 0 0 0 0 1 0 0 1 0 0 0 0 1]    [1]
[0 1 0 1 0 1 0 0 1 0 1 0 1 1 1 1 0 1 0 0]    [0]
[0 1 0 0 0 1 1 1 0 1 1 0 1 1 1 1 0 1 1 0]    [0]
[0 1 1 1 0 0 1 1 0 1 0 0 0 1 1 0 1 0 0 1]    [0]
[0 1 0 1 0 1 0 1 1 1 0 1 1 1 0 0 0 1 1 1]    [0]
[1 1 0 0 0 1 0 0 0 0 1 0 1 1 0 0 0 1 1 0]    [0]