[[7496 1027]
 [2485 8992]]
Validation Avg: 0.824399999678
Train Avg: 0.789562498424


[0 0 1 0 0 0 1 1 1 0 0 0 1 1 0 0 0 1 0 1]    [0]
[0 1 0 0 0 1 1 1 1 1 1 0 0 1 1 0 1 0 0 1]    [1]
[0 1 0 1 1 0 0 0 1 1 0 1 0 0 0 0 1 1 0 0]    [0]
[1 0 1 0 1 1 0 1 1 0 0 0 1 0 0 0 0 1 1 1]    [0]
[1 1 1 0 0 1 1 0 1 0 0 0 0 0 1 0 0 0 1 0]    [0]
[1 0 1 0 0 0 0 1 1 0 1 0 1 1 0 1 1 0 0 1]    [0]
[1 1 0 0 1 1 1 1 1 0 0 1 0 0 0 0 1 0 1 0]    [0]
[0 0 1 0 1 1 1 0 1 0 0 0 1 0 0 1 1 1 0 1]    [0]
[0 1 1 0 0 0 1 1 0 1 0 1 1 0 1 0 0 0 1 1]    [0]
[0 1 0 1 0 0 1 0 0 0 1 0 0 1 0 1 0 1 0 1]    [0]
[1 0 1 1 1 1 0 1 1 1 0 1 1 0 1 1 0 0 1 1]    [0]