[[8717 4950]
 [1242 5091]]
Validation Avg: 0.818766667744
Train Avg: 0.831912501181


[0 0 1 1 0 1 0 0 0 0 0 0 0 1 0 1 1 0 1 1]    [0]
[0 0 1 0 0 0 0 0 0 1 0 0 0 0 1 0 1 0 1 0]    [1]
[1 1 1 1 1 0 0 0 1 1 1 1 1 0 0 1 1 0 0 1]    [1]
[0 1 1 0 1 1 1 0 0 1 0 1 1 1 0 0 0 1 1 0]    [1]
[0 1 0 0 1 1 1 0 1 1 1 0 1 0 1 1 0 1 0 0]    [1]
[1 1 1 1 1 1 0 0 1 1 1 1 0 1 1 0 0 0 1 0]    [1]
[0 0 1 1 1 1 1 1 0 1 1 1 1 1 0 1 1 1 1 0]    [1]
[1 0 0 0 1 0 0 0 0 1 1 1 1 0 1 1 0 0 0 1]    [1]
[1 1 0 0 0 0 1 1 1 0 1 1 1 0 1 0 1 0 1 0]    [1]
[0 0 0 0 0 0 1 0 1 0 1 0 0 1 0 0 0 1 1 1]    [1]
[1 0 0 1 0 1 1 0 0 1 0 0 1 0 1 1 0 1 1 1]    [1]