[[8745 1578]
 [1214 8463]]
Validation Avg: 0.882950000316
Train Avg: 0.887056250535


[0 1 1 0 1 0 1 0 1 0 0 0 1 1 0 0 1 1 0 0]    [1]
[0 0 0 1 0 1 0 0 1 0 1 0 1 1 1 0 0 0 1 1]    [1]
[1 0 0 0 1 0 0 0 0 1 1 1 1 0 1 1 0 0 0 1]    [1]
[0 0 0 1 0 1 0 1 1 0 0 1 1 1 1 1 1 1 1 1]    [1]
[1 1 0 1 0 1 1 1 1 0 0 1 0 0 1 0 1 0 1 0]    [1]
[0 0 0 1 1 1 1 1 0 0 0 0 0 1 1 1 1 0 0 0]    [1]
[0 1 0 0 0 0 1 0 0 1 1 1 1 1 0 0 1 0 0 1]    [1]
[0 1 0 0 0 1 1 1 1 1 0 1 0 1 0 1 1 0 1 0]    [1]
[0 1 1 0 1 1 0 0 1 1 0 0 1 1 0 1 0 1 1 0]    [1]
[0 1 0 0 1 0 1 1 1 1 0 1 1 0 1 1 1 1 0 1]    [1]
[1 1 0 0 1 0 1 0 0 0 0 0 0 1 0 0 1 0 1 0]    [1]