[[9325 1256]
 [ 634 8785]]
Validation Avg: 0.905500001907
Train Avg: 0.905762501135


[1 1 1 1 1 0 0 0 1 1 1 1 1 0 0 1 1 0 0 1]    [1]
[0 1 1 0 0 1 0 0 1 0 1 0 1 0 1 0 1 1 1 0]    [0]
[0 1 1 0 1 0 1 0 1 0 0 0 1 1 0 0 1 1 0 0]    [1]
[1 0 0 0 1 0 0 0 0 1 1 1 1 0 1 1 0 0 0 1]    [1]
[0 1 0 0 0 0 1 1 1 0 0 1 1 1 1 0 0 1 1 0]    [0]
[1 1 0 1 1 0 0 1 1 1 0 1 1 0 0 1 1 1 1 0]    [1]
[1 1 0 1 1 1 0 0 0 1 1 0 1 1 0 1 0 1 0 1]    [0]
[1 0 0 1 1 1 1 1 0 1 0 0 1 0 0 0 0 0 1 0]    [1]
[1 1 0 1 0 0 0 0 0 1 1 1 1 0 0 0 0 0 0 1]    [0]
[1 1 1 0 1 0 0 1 0 1 1 0 1 0 0 0 1 0 0 1]    [0]
[0 0 0 1 1 1 1 0 1 1 0 1 1 0 1 1 1 0 1 1]    [1]