[[4934 4940]
 [5048 5078]]
Validation Avg: 0.500599996001
Train Avg: 0.73625


[1 1 1 1 1 0 1 0 1 0 1 1 0 0 0 0 1 1 1 0 1 0 0 0 1 0 0 1 1 0]    [0]
[1 0 0 1 0 0 1 0 0 1 0 1 1 0 0 0 1 1 1 0 1 1 0 1 1 0 0 0 0 0]    [1]
[0 0 0 1 1 1 0 0 0 1 0 0 1 1 0 0 0 0 0 0 0 0 0 1 0 0 1 1 0 0]    [1]
[0 0 1 1 0 1 1 1 0 0 1 0 1 0 0 0 1 0 1 0 1 0 1 0 0 0 0 0 0 0]    [1]
[1 0 1 0 1 1 1 0 1 0 0 0 1 0 0 0 1 0 1 1 1 1 0 1 0 1 1 0 1 0]    [0]
[1 0 1 1 1 1 1 1 0 1 0 1 0 1 1 0 0 0 1 0 1 0 0 0 1 0 0 0 0 0]    [0]
[1 0 1 0 0 1 0 1 1 1 1 1 1 1 0 1 1 0 0 0 0 1 1 1 1 0 0 0 1 1]    [0]
[1 1 0 1 0 0 1 1 1 0 0 0 0 0 0 0 1 1 1 1 1 1 1 0 1 0 1 0 1 0]    [0]
[0 0 0 0 1 0 0 0 0 1 1 1 0 0 0 1 0 1 0 0 1 1 0 0 0 0 1 1 1 0]    [1]
[1 0 0 0 1 1 1 0 0 0 0 0 1 1 1 1 0 1 1 1 1 1 0 0 1 1 0 1 1 1]    [0]
[1 0 1 0 0 1 1 0 0 1 0 0 1 1 1 0 0 0 1 0 0 0 1 1 0 1 1 1 0 0]    [0]