[[4915 5041]
 [5067 4977]]
Validation Avg: 0.494599996209
Train Avg: 0.954575003088


[1 1 1 1 1 0 1 0 1 0 1 1 0 0 0 0 1 1 1 0 1 0 0 0 1 0 0 1 1 0]    [0]
[0 0 0 1 1 1 0 0 0 1 0 0 1 1 0 0 0 0 0 0 0 0 0 1 0 0 1 1 0 0]    [1]
[0 1 1 1 1 0 1 1 1 1 0 0 0 0 1 1 0 0 0 1 1 0 0 0 1 0 0 1 1 0]    [1]
[0 0 1 1 0 1 1 1 0 0 1 0 1 0 0 0 1 0 1 0 1 0 1 0 0 0 0 0 0 0]    [1]
[1 0 1 0 0 1 0 1 1 1 1 1 1 1 0 1 1 0 0 0 0 1 1 1 1 0 0 0 1 1]    [0]
[1 0 0 0 1 1 1 0 0 0 0 0 1 1 1 1 0 1 1 1 1 1 0 0 1 1 0 1 1 1]    [0]
[0 0 1 1 1 0 1 0 1 0 1 0 0 1 0 0 1 1 0 1 1 1 1 1 0 1 1 1 0 1]    [0]
[0 1 1 0 1 1 0 1 0 0 1 1 0 1 0 1 0 0 0 0 0 0 0 1 0 1 0 0 1 1]    [1]
[0 1 0 0 1 1 0 1 1 1 0 1 1 1 0 1 0 1 0 1 0 1 1 0 1 0 0 0 1 1]    [1]
[1 0 0 1 0 0 0 0 1 0 0 0 0 0 0 1 0 1 1 0 1 0 1 1 1 1 1 0 1 0]    [1]
[0 1 1 1 1 1 1 1 1 0 1 1 0 0 1 1 1 1 0 0 0 0 0 0 0 0 1 0 1 0]    [0]