[[5300 5341]
 [4682 4677]]
Validation Avg: 0.498849997073
Train Avg: 0.628975001201


[1 1 1 1 1 0 1 0 1 0 1 1 0 0 0 0 1 1 1 0 1 0 0 0 1 0 0 1 1 0]    [0]
[0 0 0 0 1 0 1 1 1 0 0 0 1 1 0 1 0 1 0 1 1 0 0 0 1 1 0 0 1 1]    [0]
[0 0 0 0 0 0 1 0 0 0 0 0 1 0 1 1 1 0 1 1 1 0 1 1 0 0 1 1 0 1]    [1]
[1 0 0 0 1 1 0 1 1 0 0 0 0 0 0 1 0 1 1 0 1 0 0 0 0 1 1 1 0 1]    [1]
[0 0 1 1 0 1 1 1 0 0 1 0 1 0 0 0 1 0 1 0 1 0 1 0 0 0 0 0 0 0]    [1]
[1 0 1 0 0 1 0 1 1 1 1 1 1 1 0 1 1 0 0 0 0 1 1 1 1 0 0 0 1 1]    [0]
[1 1 0 1 0 0 1 1 1 0 0 0 0 0 0 0 1 1 1 1 1 1 1 0 1 0 1 0 1 0]    [0]
[0 0 0 0 1 0 0 0 0 1 1 1 0 0 0 1 0 1 0 0 1 1 0 0 0 0 1 1 1 0]    [1]
[0 0 1 1 1 0 1 0 1 0 1 0 0 1 0 0 1 1 0 1 1 1 1 1 0 1 1 1 0 1]    [0]
[0 0 0 1 1 1 0 1 1 0 0 0 1 0 0 1 0 1 1 0 1 0 1 1 0 1 0 0 1 0]    [0]
[0 0 1 1 0 0 0 1 0 0 0 0 1 1 1 1 1 1 0 0 1 0 0 0 1 1 0 1 0 0]    [1]