[[5185 5184]
 [4797 4834]]
Validation Avg: 0.500949997306
Train Avg: 0.917987502739


[1 1 1 1 1 0 1 0 1 0 1 1 0 0 0 0 1 1 1 0 1 0 0 0 1 0 0 1 1 0]    [0]
[0 0 0 0 0 0 1 0 0 0 0 0 1 0 1 1 1 0 1 1 1 0 1 1 0 0 1 1 0 1]    [1]
[0 0 0 1 1 1 0 0 0 1 0 0 1 1 0 0 0 0 0 0 0 0 0 1 0 0 1 1 0 0]    [1]
[0 1 1 1 1 0 1 1 1 1 0 0 0 0 1 1 0 0 0 1 1 0 0 0 1 0 0 1 1 0]    [1]
[1 0 1 0 1 1 1 0 1 0 0 0 1 0 0 0 1 0 1 1 1 1 0 1 0 1 1 0 1 0]    [0]
[1 1 0 1 0 0 1 1 1 0 0 0 0 0 0 0 1 1 1 1 1 1 1 0 1 0 1 0 1 0]    [0]
[0 1 1 0 1 1 0 1 0 0 1 1 0 1 0 1 0 0 0 0 0 0 0 1 0 1 0 0 1 1]    [1]
[1 0 1 0 0 1 0 1 0 0 1 1 1 1 1 1 0 1 1 0 0 1 0 1 1 1 0 0 1 0]    [1]
[1 1 0 0 1 1 0 1 1 1 1 1 0 1 0 0 1 0 0 1 1 1 1 0 0 1 0 0 0 1]    [1]
[0 0 0 1 1 1 0 1 1 0 0 0 1 0 0 1 0 1 1 0 1 0 1 1 0 1 0 0 1 0]    [0]
[0 0 1 1 0 0 0 1 0 0 0 0 1 1 1 1 1 1 0 0 1 0 0 0 1 1 0 1 0 0]    [1]