[[5004 5160]
 [4978 4858]]
Validation Avg: 0.493099998385
Train Avg: 0.841624998376


[1 1 1 1 1 0 1 0 1 0 1 1 0 0 0 0 1 1 1 0 1 0 0 0 1 0 0 1 1 0]    [0]
[0 0 0 0 0 0 1 0 0 0 0 0 1 0 1 1 1 0 1 1 1 0 1 1 0 0 1 1 0 1]    [1]
[1 0 0 0 1 1 0 1 1 0 0 0 0 0 0 1 0 1 1 0 1 0 0 0 0 1 1 1 0 1]    [1]
[0 0 1 1 0 1 1 1 0 0 1 0 1 0 0 0 1 0 1 0 1 0 1 0 0 0 0 0 0 0]    [1]
[0 1 0 1 0 0 1 0 1 0 0 0 0 1 1 1 1 1 0 0 0 0 1 1 0 0 1 1 1 1]    [1]
[1 1 0 1 0 0 1 1 1 0 0 0 0 0 0 0 1 1 1 1 1 1 1 0 1 0 1 0 1 0]    [0]
[1 0 0 0 1 1 1 0 0 0 0 0 1 1 1 1 0 1 1 1 1 1 0 0 1 1 0 1 1 1]    [0]
[0 0 1 1 1 0 1 0 1 0 1 0 0 1 0 0 1 1 0 1 1 1 1 1 0 1 1 1 0 1]    [0]
[0 1 1 0 1 1 0 1 0 0 1 1 0 1 0 1 0 0 0 0 0 0 0 1 0 1 0 0 1 1]    [1]
[0 1 0 0 1 1 0 1 1 1 0 1 1 1 0 1 0 1 0 1 0 1 1 0 1 0 0 0 1 1]    [1]
[1 0 1 0 0 1 0 1 0 0 1 1 1 1 1 1 0 1 1 0 0 1 0 1 1 1 0 0 1 0]    [1]