[[3662 3628]
 [6409 6301]]
Validation Avg: 0.498399997354
Train Avg: 0.504706246816


[1 0 1 1 0 0 1 0 0 0 1 1 0 0 1 0 1 0 1 1]    [0]
[1 1 0 1 0 1 1 0 0 0 0 0 1 0 1 0 0 1 1 0]    [1]
[1 1 1 1 1 1 0 1 1 0 1 0 1 1 1 0 0 1 1 1]    [1]
[1 0 0 0 1 0 0 1 1 0 1 0 0 1 0 1 1 0 1 1]    [0]
[0 1 0 1 0 0 1 0 1 0 0 0 0 1 0 1 1 0 1 0]    [0]
[0 1 0 1 1 1 0 1 1 1 0 1 1 0 1 0 0 1 0 0]    [1]
[0 1 1 1 1 1 1 0 1 0 1 0 0 0 0 1 0 1 0 0]    [0]
[1 1 1 1 1 1 1 0 0 0 0 0 0 0 1 0 0 1 1 0]    [0]
[0 0 0 0 1 1 0 1 1 1 0 1 1 1 0 1 1 1 0 1]    [0]
[1 0 1 0 1 0 0 1 0 1 1 0 1 1 0 0 0 1 0 0]    [1]
[1 0 0 1 1 1 1 1 1 0 0 1 1 0 1 0 1 0 1 0]    [0]