[[3818 3780]
 [6253 6149]]
Validation Avg: 0.498383330454
Train Avg: 0.504812496553


[1 0 1 1 0 0 1 0 0 0 1 1 0 0 1 0 1 0 1 1]    [0]
[1 1 0 1 0 1 1 0 0 0 0 0 1 0 1 0 0 1 1 0]    [1]
[1 1 1 1 1 1 0 1 1 0 1 0 1 1 1 0 0 1 1 1]    [1]
[0 1 1 0 0 0 0 1 0 1 0 1 1 1 0 1 0 0 0 0]    [0]
[1 0 0 0 1 0 0 1 1 0 1 0 0 1 0 1 1 0 1 1]    [0]
[0 1 0 1 0 0 1 0 1 0 0 0 0 1 0 1 1 0 1 0]    [0]
[0 1 0 1 1 1 0 1 1 1 0 1 1 0 1 0 0 1 0 0]    [1]
[0 1 1 1 1 1 1 0 1 0 1 0 0 0 0 1 0 1 0 0]    [0]
[1 1 1 1 1 1 1 0 0 0 0 0 0 0 1 0 0 1 1 0]    [0]
[0 1 0 1 0 1 0 0 0 0 1 0 1 1 0 1 0 0 1 0]    [0]
[1 0 1 0 1 0 0 1 0 1 1 0 1 1 0 0 0 1 0 0]    [1]