[[4109 4065]
 [5962 5864]]
Validation Avg: 0.498649997562
Train Avg: 0.505249996893


[1 0 1 1 0 0 1 0 0 0 1 1 0 0 1 0 1 0 1 1]    [0]
[1 1 0 1 0 1 1 0 0 0 0 0 1 0 1 0 0 1 1 0]    [1]
[1 1 1 1 1 1 0 1 1 0 1 0 1 1 1 0 0 1 1 1]    [1]
[1 0 0 0 1 0 0 1 1 0 1 0 0 1 0 1 1 0 1 1]    [0]
[0 1 0 1 0 0 1 0 1 0 0 0 0 1 0 1 1 0 1 0]    [0]
[0 1 0 1 1 1 0 1 1 1 0 1 1 0 1 0 0 1 0 0]    [1]
[0 1 1 1 1 1 1 0 1 0 1 0 0 0 0 1 0 1 0 0]    [0]
[1 1 1 1 1 1 1 0 0 0 0 0 0 0 1 0 0 1 1 0]    [0]
[1 0 1 0 1 0 0 1 0 1 1 0 1 1 0 0 0 1 0 0]    [1]
[0 0 1 1 0 0 0 0 1 1 1 1 0 0 0 0 1 0 0 1]    [0]
[0 1 1 0 0 0 0 0 0 0 0 0 1 1 0 1 0 0 1 0]    [0]