[[4304 4418]
 [5694 5584]]
Validation Avg: 0.494399996698
Train Avg: 0.570974997841


[[0]
 [0]
 [0]
 [1]
 [1]
 [0]
 [0]
 [1]
 [1]
 [1]
 [0]
 [0]
 [1]
 [0]
 [1]
 [0]
 [1]
 [0]
 [0]
 [1]
 [1]
 [1]
 [1]
 [0]
 [1]
 [1]
 [0]
 [0]
 [0]
 [0]]    [0]
[[0]
 [1]
 [0]
 [0]
 [0]
 [0]
 [1]
 [0]
 [0]
 [0]
 [1]
 [0]
 [1]
 [1]
 [1]
 [1]
 [0]
 [0]
 [0]
 [1]
 [1]
 [1]
 [0]
 [0]
 [1]
 [1]
 [0]
 [1]
 [0]
 [1]]    [0]
[[0]
 [1]
 [0]
 [0]
 [0]
 [0]
 [0]
 [1]
 [1]
 [0]
 [0]
 [0]
 [0]
 [1]
 [0]
 [1]
 [0]
 [0]
 [1]
 [0]
 [1]
 [0]
 [1]
 [1]
 [1]
 [1]
 [1]
 [0]
 [0]
 [0]]    [0]
[[1]
 [1]
 [0]
 [1]
 [1]
 [1]
 [1]
 [0]
 [1]
 [0]
 [0]
 [1]
 [0]
 [0]
 [0]
 [0]
 [0]
 [1]
 [1]
 [1]
 [0]
 [0]
 [0]
 [0]
 [1]
 [1]
 [0]
 [1]
 [0]
 [0]]    [0]
[[1]
 [0]
 [0]
 [0]
 [1]
 [0]
 [1]
 [0]
 [0]
 [0]
 [1]
 [0]
 [0]
 [0]
 [0]
 [0]
 [0]
 [1]
 [1]
 [1]
 [0]
 [1]
 [1]
 [0]
 [1]
 [1]
 [0]
 [0]
 [0]
 [0]]    [1]
[[1]
 [0]
 [1]
 [0]
 [0]
 [1]
 [0]
 [0]
 [1]
 [0]
 [1]
 [1]
 [1]
 [0]
 [0]
 [1]
 [1]
 [0]
 [1]
 [0]
 [0]
 [1]
 [1]
 [0]
 [0]
 [1]
 [0]
 [1]
 [1]
 [0]]    [1]
[[1]
 [0]
 [0]
 [1]
 [1]
 [0]
 [0]
 [0]
 [0]
 [0]
 [0]
 [1]
 [0]
 [1]
 [0]
 [0]
 [0]
 [0]
 [0]
 [1]
 [1]
 [1]
 [0]
 [1]
 [0]
 [1]
 [1]
 [1]
 [1]
 [0]]    [1]
[[1]
 [1]
 [1]
 [1]
 [0]
 [1]
 [0]
 [0]
 [1]
 [0]
 [1]
 [1]
 [0]
 [1]
 [1]
 [1]
 [0]
 [1]
 [1]
 [0]
 [0]
 [1]
 [1]
 [1]
 [1]
 [0]
 [0]
 [1]
 [1]
 [0]]    [1]
[[0]
 [1]
 [0]
 [1]
 [1]
 [1]
 [0]
 [0]
 [1]
 [0]
 [1]
 [1]
 [1]
 [0]
 [1]
 [0]
 [0]
 [0]
 [0]
 [1]
 [1]
 [1]
 [1]
 [0]
 [1]
 [1]
 [0]
 [1]
 [1]
 [0]]    [1]
[[0]
 [1]
 [1]
 [0]
 [0]
 [1]
 [0]
 [0]
 [0]
 [0]
 [0]
 [0]
 [1]
 [0]
 [0]
 [1]
 [1]
 [0]
 [1]
 [0]
 [1]
 [0]
 [0]
 [0]
 [1]
 [0]
 [1]
 [0]
 [1]
 [0]]    [1]
[[1]
 [0]
 [0]
 [1]
 [0]
 [0]
 [0]
 [0]
 [0]
 [1]
 [0]
 [0]
 [1]
 [1]
 [1]
 [0]
 [0]
 [0]
 [0]
 [1]
 [1]
 [0]
 [1]
 [1]
 [1]
 [0]
 [1]
 [0]
 [1]
 [1]]    [0]