[[5148 5163]
 [4850 4839]]
Validation Avg: 0.499349997342
Train Avg: 0.666287500933


[[1]
 [0]
 [0]
 [0]
 [0]
 [0]
 [0]
 [0]
 [0]
 [0]
 [0]
 [0]
 [1]
 [0]
 [1]
 [1]
 [1]
 [0]
 [1]
 [1]
 [0]
 [0]
 [1]
 [1]
 [0]
 [1]
 [0]
 [0]
 [1]
 [0]]    [1]
[[0]
 [1]
 [0]
 [0]
 [0]
 [0]
 [0]
 [0]
 [0]
 [0]
 [1]
 [0]
 [1]
 [1]
 [0]
 [0]
 [1]
 [1]
 [0]
 [0]
 [1]
 [1]
 [0]
 [0]
 [1]
 [1]
 [0]
 [1]
 [1]
 [0]]    [0]
[[0]
 [0]
 [0]
 [1]
 [1]
 [0]
 [0]
 [1]
 [1]
 [1]
 [0]
 [0]
 [1]
 [0]
 [1]
 [0]
 [1]
 [0]
 [0]
 [1]
 [1]
 [1]
 [1]
 [0]
 [1]
 [1]
 [0]
 [0]
 [0]
 [0]]    [0]
[[0]
 [1]
 [0]
 [1]
 [1]
 [1]
 [1]
 [1]
 [0]
 [1]
 [1]
 [0]
 [0]
 [1]
 [0]
 [0]
 [0]
 [0]
 [1]
 [0]
 [1]
 [1]
 [0]
 [0]
 [0]
 [1]
 [1]
 [0]
 [0]
 [0]]    [0]
[[1]
 [0]
 [0]
 [0]
 [0]
 [0]
 [0]
 [1]
 [0]
 [1]
 [0]
 [0]
 [0]
 [1]
 [0]
 [0]
 [0]
 [1]
 [0]
 [0]
 [1]
 [1]
 [1]
 [1]
 [0]
 [0]
 [1]
 [0]
 [0]
 [1]]    [1]
[[0]
 [1]
 [1]
 [1]
 [0]
 [0]
 [0]
 [1]
 [0]
 [1]
 [1]
 [0]
 [0]
 [0]
 [0]
 [0]
 [0]
 [1]
 [1]
 [1]
 [1]
 [0]
 [0]
 [1]
 [0]
 [1]
 [1]
 [1]
 [0]
 [0]]    [0]
[[0]
 [0]
 [1]
 [1]
 [1]
 [0]
 [0]
 [0]
 [1]
 [0]
 [1]
 [1]
 [1]
 [0]
 [0]
 [1]
 [0]
 [0]
 [0]
 [1]
 [0]
 [0]
 [0]
 [0]
 [0]
 [1]
 [0]
 [0]
 [1]
 [0]]    [1]
[[1]
 [0]
 [0]
 [1]
 [1]
 [1]
 [0]
 [1]
 [1]
 [0]
 [0]
 [1]
 [0]
 [0]
 [0]
 [0]
 [0]
 [1]
 [0]
 [1]
 [0]
 [1]
 [0]
 [1]
 [0]
 [1]
 [0]
 [0]
 [0]
 [1]]    [1]
[[1]
 [1]
 [0]
 [1]
 [0]
 [1]
 [0]
 [0]
 [1]
 [1]
 [1]
 [1]
 [0]
 [0]
 [0]
 [1]
 [0]
 [1]
 [1]
 [0]
 [1]
 [1]
 [0]
 [1]
 [1]
 [1]
 [0]
 [0]
 [1]
 [0]]    [1]
[[1]
 [1]
 [0]
 [1]
 [1]
 [1]
 [1]
 [0]
 [1]
 [0]
 [0]
 [1]
 [0]
 [0]
 [0]
 [0]
 [0]
 [1]
 [1]
 [1]
 [0]
 [0]
 [0]
 [0]
 [1]
 [1]
 [0]
 [1]
 [0]
 [0]]    [0]
[[1]
 [1]
 [0]
 [0]
 [1]
 [1]
 [0]
 [0]
 [1]
 [1]
 [0]
 [0]
 [0]
 [0]
 [1]
 [1]
 [1]
 [0]
 [1]
 [0]
 [1]
 [1]
 [0]
 [1]
 [1]
 [1]
 [0]
 [0]
 [0]
 [0]]    [1]