[[4955 4922]
 [4992 5131]]
Validation Avg: 0.501324994862
Train Avg: 0.512174996808


[0 0 1 0 1 0 1 0 1 0 0 0 1 1 0 1 1 1 0 1]    [0]
[1 0 0 0 0 1 0 1 1 0 0 0 1 0 0 0 0 1 1 0]    [1]
[0 1 1 1 0 1 0 0 0 0 1 1 1 0 0 1 0 1 1 1]    [1]
[0 1 0 0 1 1 1 1 0 1 0 1 1 1 1 1 1 1 1 1]    [1]
[0 1 1 1 0 0 1 1 1 0 0 1 1 0 0 0 1 1 1 1]    [0]
[1 1 1 0 1 0 0 0 0 1 0 1 1 1 1 0 0 1 0 0]    [0]
[1 1 0 0 1 1 0 0 0 1 0 1 1 1 0 0 0 1 1 1]    [1]
[1 0 0 1 0 1 1 1 0 1 0 0 0 1 1 0 1 0 1 1]    [1]
[1 0 1 0 1 0 0 1 1 1 1 1 0 1 0 0 1 0 1 1]    [0]
[1 0 0 0 1 1 1 0 0 1 0 0 1 0 1 1 0 1 1 0]    [0]
[0 1 0 0 0 1 1 0 1 0 0 0 0 1 0 1 0 1 0 1]    [0]