[[5570 4877]
 [4377 5176]]
Validation Avg: 0.513316661914
Train Avg: 0.525374997134


[1 0 0 0 0 1 0 1 1 0 0 0 1 0 0 0 0 1 1 0]    [1]
[0 1 0 0 0 0 1 1 0 0 1 0 0 0 1 0 1 1 1 1]    [1]
[0 1 1 1 1 0 1 0 1 0 1 0 1 1 1 0 0 1 0 0]    [1]
[0 1 0 0 1 1 1 1 0 1 0 1 1 1 1 1 1 1 1 1]    [1]
[1 0 1 0 1 0 1 1 0 0 0 1 0 1 1 0 0 1 0 0]    [1]
[0 0 1 0 1 1 0 0 1 1 0 1 0 1 0 0 1 0 0 0]    [0]
[1 0 0 0 0 1 1 1 1 1 1 1 0 0 0 0 1 1 1 0]    [1]
[1 0 1 0 1 0 0 1 1 1 1 1 0 1 0 0 1 0 1 1]    [0]
[0 1 0 0 0 1 1 0 1 0 0 0 0 1 0 1 0 1 0 1]    [0]
[1 1 0 0 1 0 0 0 1 1 1 0 1 0 0 1 1 1 1 1]    [0]
[1 0 0 1 0 0 0 1 1 1 0 1 1 1 0 1 0 1 1 1]    [0]