[[4915 5001]
 [5032 5052]]
Validation Avg: 0.498349993676
Train Avg: 0.510412496403


[0 0 1 0 1 0 1 0 1 0 0 0 1 1 0 1 1 1 0 1]    [0]
[0 1 1 0 1 1 0 1 0 1 1 1 1 1 0 1 1 1 1 0]    [0]
[0 1 0 0 0 0 1 1 0 0 1 0 0 0 1 0 1 1 1 1]    [1]
[0 1 1 1 1 0 1 0 1 0 1 0 1 1 1 0 0 1 0 0]    [1]
[1 0 0 0 0 1 1 0 0 1 1 1 0 1 0 1 1 0 0 0]    [1]
[1 0 0 1 0 0 1 0 1 1 1 0 1 0 1 0 0 1 1 0]    [0]
[0 1 0 0 1 1 1 1 0 1 0 1 1 1 1 1 1 1 1 1]    [1]
[1 1 0 1 1 0 0 0 1 0 1 1 0 1 1 0 0 1 0 0]    [0]
[1 1 0 0 1 1 0 0 0 1 0 1 1 1 0 0 0 1 1 1]    [1]
[1 1 1 1 1 0 0 0 1 1 1 0 0 0 0 1 1 1 0 0]    [1]
[0 1 1 1 0 1 1 1 1 0 0 0 1 0 0 1 0 0 0 0]    [1]