[[9208  438]
 [ 812 9542]]
Validation Avg: 0.848266669015
Train Avg: 0.850066668019


[0 1 0 1 0 0 1 0 0 1 1 0 0 0 1 1 0 0 1 0]    [0]
[1 1 0 1 1 0 1 1 1 1 0 1 1 1 0 1 1 0 1 0]    [0]
[0 1 0 1 1 1 0 0 0 1 0 1 1 1 1 0 0 0 1 0]    [0]
[0 1 0 0 1 0 0 1 1 1 0 0 1 1 1 1 1 0 0 0]    [0]
[1 1 1 1 1 0 0 1 0 1 1 0 1 1 1 0 1 0 1 0]    [1]
[0 1 1 0 0 1 1 0 0 0 0 1 0 1 1 0 1 1 0 1]    [0]
[1 0 0 1 1 0 1 0 1 1 0 0 0 0 0 1 0 0 1 0]    [0]
[0 0 0 1 0 0 0 0 1 1 1 0 1 0 1 0 1 0 1 0]    [0]
[0 1 0 1 1 0 1 0 0 1 1 1 1 0 1 1 0 1 1 0]    [0]
[1 1 1 1 1 1 0 0 1 1 1 0 1 1 1 1 1 1 0 1]    [0]
[0 1 0 1 1 0 1 0 1 0 1 0 0 1 1 1 0 0 1 1]    [1]