[[6108 1937]
 [3912 8043]]
Validation Avg: 0.803650002033
Train Avg: 0.801912501566


[0 0 1 0 1 0 0 0 1 1 0 1 1 0 1 1 0 1 0 1]    [0]
[0 1 0 1 0 0 0 0 1 1 1 1 0 1 0 1 1 1 0 0]    [0]
[1 0 0 0 1 1 0 0 0 0 1 0 1 0 1 0 1 0 0 0]    [1]
[1 0 0 1 0 1 0 0 1 1 0 1 1 1 0 1 1 1 0 1]    [0]
[1 0 1 1 1 0 0 0 0 0 0 1 1 0 1 0 1 0 0 0]    [0]
[0 1 0 1 0 0 1 0 0 1 1 0 0 0 1 1 0 0 1 0]    [0]
[0 1 1 0 0 1 1 1 1 1 0 1 0 1 1 0 0 1 0 0]    [1]
[0 0 1 1 0 0 1 1 0 0 1 1 1 1 0 1 0 1 0 1]    [1]
[1 1 1 0 0 0 1 1 1 0 1 0 0 0 1 1 1 0 0 1]    [1]
[0 0 1 1 0 0 0 1 0 1 0 1 1 1 0 0 1 1 0 1]    [0]
[0 1 1 1 1 0 0 0 0 1 1 1 1 0 0 1 1 0 1 1]    [0]