[[9574 1559]
 [ 446 8421]]
Validation Avg: 0.899750003219
Train Avg: 0.899275001362


[1 0 0 1 1 0 1 0 1 0 0 0 0 1 1 0 1 0 0 1]    [1]
[0 1 1 1 1 1 1 1 1 1 0 1 0 1 0 0 0 1 1 1]    [0]
[0 0 1 1 1 0 1 1 1 0 0 0 0 1 0 0 1 0 1 1]    [0]
[0 0 0 0 0 0 0 0 1 1 0 1 1 0 0 0 0 1 1 1]    [1]
[1 0 1 0 1 0 1 0 1 0 1 1 0 0 0 0 0 0 1 1]    [1]
[0 0 1 1 0 0 1 1 0 1 0 0 1 1 1 1 1 1 1 0]    [0]
[1 0 1 0 1 1 1 1 1 0 0 1 0 1 1 1 0 0 1 1]    [1]
[0 1 1 0 1 1 1 1 1 1 0 0 1 0 0 1 0 0 0 1]    [1]
[1 0 1 1 1 0 0 1 0 1 0 0 1 1 0 1 1 1 1 0]    [0]
[1 0 1 0 1 0 0 1 0 0 0 0 0 0 1 1 0 1 1 1]    [1]
[0 0 0 0 1 0 1 1 0 0 1 0 0 0 1 0 0 0 1 1]    [1]