[[8611 1203]
 [1288 8898]]
Validation Avg: 0.88701666673
Train Avg: 0.890312501242


[0 1 0 1 1 1 1 1 1 0 1 1 0 1 1 1 0 0 1 1]    [0]
[1 1 1 0 1 1 0 0 0 0 0 1 1 1 0 0 0 1 0 0]    [1]
[1 1 1 1 1 1 1 0 0 0 1 1 1 0 0 0 1 1 1 1]    [0]
[0 0 0 1 1 0 0 1 1 1 1 0 1 0 0 1 1 1 0 1]    [1]
[1 0 0 1 1 0 1 0 1 1 0 1 0 0 1 1 1 0 1 1]    [0]
[1 1 1 0 0 1 1 0 0 1 1 1 1 0 1 0 1 1 1 0]    [1]
[1 0 1 0 0 0 1 0 0 1 1 1 0 1 0 0 1 1 1 1]    [1]
[1 0 0 0 0 0 0 1 1 0 1 0 1 0 1 1 1 0 0 0]    [0]
[0 0 1 0 0 1 1 0 0 0 1 1 1 1 0 0 0 1 1 1]    [0]
[0 0 0 1 1 1 1 0 1 0 0 1 1 0 1 0 0 0 0 0]    [0]
[0 0 0 0 1 1 0 0 0 0 1 1 0 0 1 0 0 0 1 0]    [0]