[[9295  718]
 [ 604 9383]]
Validation Avg: 0.89280000031
Train Avg: 0.900031251907


[1 1 1 0 0 1 0 1 0 1 1 0 1 1 0 1 0 1 0 0]    [1]
[1 1 1 0 0 1 1 0 0 1 1 1 1 0 1 0 1 1 1 0]    [1]
[1 0 0 1 1 0 0 0 0 1 0 0 0 1 1 1 1 1 0 1]    [0]
[1 1 0 1 1 0 0 1 1 0 1 1 1 1 1 0 1 1 0 1]    [0]
[0 0 1 0 0 1 0 0 1 1 0 0 1 0 0 1 0 0 0 1]    [1]
[1 1 0 1 0 0 1 1 1 0 0 1 0 1 0 1 1 1 0 1]    [0]
[1 0 0 1 0 0 1 1 0 0 0 0 0 1 0 1 0 1 0 1]    [0]
[0 1 1 0 0 1 0 1 0 0 0 1 1 0 0 0 1 0 1 1]    [1]
[0 0 1 0 0 1 0 0 0 0 0 0 1 1 0 1 1 0 1 0]    [1]
[0 0 1 0 0 1 0 1 0 0 0 1 1 0 1 1 0 0 1 0]    [0]
[1 1 0 1 1 0 1 1 1 0 1 1 0 0 0 0 1 1 0 1]    [0]