[[8208 1275]
 [1691 8826]]
Validation Avg: 0.851700000167
Train Avg: 0.8629625009


[1 1 1 0 0 1 0 1 0 1 1 0 1 1 0 1 0 1 0 0]    [1]
[1 1 1 0 1 0 1 1 0 0 1 1 1 1 1 1 0 0 0 0]    [0]
[0 0 0 1 1 1 1 0 0 1 0 1 1 1 0 1 0 0 0 0]    [1]
[0 0 0 0 0 0 1 1 0 0 0 0 1 0 1 0 1 0 1 1]    [1]
[1 1 1 0 1 1 0 1 0 0 0 0 1 1 0 0 0 0 0 0]    [0]
[1 0 0 0 0 0 0 0 1 0 0 0 0 1 0 0 1 0 1 1]    [0]
[1 0 0 1 1 0 1 0 1 1 0 1 0 0 1 1 1 0 1 1]    [0]
[1 0 0 0 0 1 0 0 1 1 1 1 1 0 1 0 1 1 1 1]    [0]
[1 0 1 0 0 0 1 0 0 1 1 1 0 1 0 0 1 1 1 1]    [1]
[1 1 1 0 1 1 1 1 1 1 0 1 1 1 0 1 0 0 1 0]    [0]
[0 1 0 1 1 0 0 0 1 1 1 1 1 0 1 0 1 0 0 1]    [1]