[[9872  198]
 [  83 9847]]
Validation Avg: 0.985950010419
Train Avg: 0.887712505672


[0 0 1 0 0 1 1 0 1 0 0 1 1 0 0 0 0 1 1 1]    [1]
[1 1 1 0 1 0 1 1 0 1 1 0 1 1 1 1 0 0 1 0]    [1]
[0 1 0 0 1 1 0 0 1 1 0 0 1 0 0 0 1 1 0 0]    [0]
[0 1 0 0 1 0 1 0 1 1 0 0 1 0 0 0 0 1 0 0]    [1]
[1 1 0 1 1 1 0 1 0 1 0 1 1 1 1 1 0 1 1 1]    [1]
[1 1 0 1 1 0 0 1 0 1 1 1 0 1 0 0 0 0 1 1]    [1]
[1 0 0 0 0 1 1 0 1 0 1 0 1 0 0 1 1 0 0 0]    [0]
[0 0 1 0 0 1 1 0 1 0 0 0 0 1 0 1 1 0 0 0]    [1]
[0 1 1 1 0 1 0 1 0 1 1 0 0 1 1 0 0 0 1 1]    [1]
[0 0 0 1 1 1 1 0 0 0 0 0 1 0 0 0 1 1 0 1]    [0]
[0 0 0 0 0 1 1 0 1 1 0 1 0 0 0 0 1 0 0 1]    [1]