[[4278 4257]
 [5677 5788]]
Validation Avg: 0.503299996108
Train Avg: 0.511624995917


[0 1 1 0 1 1 0 0 0 1 1 0 1 1 1 0 1 1 1 0]    [0]
[1 1 1 0 0 1 1 0 1 1 1 0 0 0 1 1 0 0 1 0]    [1]
[1 0 0 0 0 0 1 1 0 0 0 1 0 1 1 1 1 0 1 0]    [1]
[1 0 0 1 1 0 1 0 1 1 0 1 1 0 0 1 1 0 0 1]    [1]
[1 0 0 0 1 1 1 0 1 0 0 1 1 0 0 1 0 0 1 1]    [0]
[0 0 1 1 0 0 0 0 0 0 1 0 1 1 1 0 0 0 1 0]    [1]
[0 1 0 1 1 0 0 1 1 1 1 1 0 0 0 1 0 1 0 0]    [0]
[1 0 1 1 1 1 1 1 1 1 0 1 1 0 0 0 1 1 0 1]    [0]
[1 1 0 1 1 0 1 0 1 1 0 1 0 0 0 0 1 0 0 1]    [0]
[0 1 1 1 1 0 1 0 0 1 1 0 1 0 0 0 1 0 0 1]    [0]
[0 0 0 1 0 0 1 1 1 0 1 0 0 1 1 0 0 0 0 1]    [0]