[[9697   68]
 [ 258 9977]]
Validation Avg: 0.983700010777
Train Avg: 0.947050005943


[1 0 1 0 1 0 0 1 1 1 1 0 1 1 0 1 0 1 1 1]    [1]
[0 1 0 1 0 1 0 0 0 1 0 1 0 0 1 0 0 0 1 1]    [0]
[0 0 1 0 0 1 1 0 1 0 0 1 0 0 1 0 0 0 0 0]    [0]
[0 0 1 1 1 1 1 0 0 0 0 0 1 0 0 0 1 0 1 0]    [0]
[0 0 0 1 0 1 1 1 1 0 0 1 0 1 1 0 1 0 1 0]    [0]
[1 1 1 0 1 0 0 0 1 1 1 0 1 1 1 0 0 1 1 1]    [1]
[1 0 1 0 0 0 1 1 0 1 1 0 1 0 1 0 1 1 1 0]    [1]
[1 0 1 1 1 1 0 0 0 1 0 1 0 1 1 0 1 0 0 0]    [0]
[0 0 1 0 1 1 1 0 0 1 0 0 0 1 1 1 1 0 0 1]    [0]
[0 1 0 1 1 1 0 1 0 0 0 1 0 0 1 0 1 0 1 1]    [0]
[0 1 1 1 0 0 1 0 1 0 1 0 0 1 1 1 1 1 0 1]    [0]