[[9930  205]
 [  25 9840]]
Validation Avg: 0.988500009179
Train Avg: 0.919000005778


[0 0 1 0 0 1 1 1 0 1 1 0 0 0 0 0 1 1 0 1]    [1]
[1 0 0 1 1 1 1 0 0 1 0 0 1 1 1 1 0 0 1 0]    [1]
[1 0 0 1 0 0 0 1 0 1 1 0 0 1 0 0 1 1 0 1]    [1]
[1 1 1 1 1 1 0 0 1 0 0 0 1 1 1 0 0 0 1 0]    [1]
[0 1 0 1 0 0 0 1 1 1 0 0 0 0 0 0 1 1 0 0]    [1]
[0 0 1 1 1 1 1 1 1 0 0 1 1 0 1 1 0 0 1 0]    [0]
[1 0 1 1 1 1 1 0 0 0 0 1 0 1 1 1 0 0 0 0]    [0]
[0 0 1 1 1 1 1 0 1 0 0 1 1 1 1 1 0 1 0 1]    [1]
[1 0 1 1 1 0 0 0 1 0 0 1 1 1 1 0 0 0 0 0]    [1]
[1 1 0 1 0 0 0 1 0 1 1 0 0 0 0 1 1 1 0 0]    [1]
[0 0 1 1 1 1 1 0 1 0 0 1 1 1 1 1 0 0 1 1]    [1]