[[9911  907]
 [  44 9138]]
Validation Avg: 0.952450001836
Train Avg: 0.812587501283


[0 1 0 0 0 1 0 0 0 0 0 1 1 1 1 1 0 0 1 0]    [0]
[1 1 0 0 1 1 0 1 0 0 0 0 1 0 1 0 0 1 1 0]    [1]
[0 1 0 0 0 1 0 0 0 0 1 0 0 1 1 1 1 0 1 1]    [1]
[1 1 1 1 0 0 1 1 0 0 1 1 0 1 0 1 1 0 1 1]    [1]
[1 0 1 1 0 0 1 1 0 1 0 1 0 1 0 0 1 0 0 0]    [1]
[1 1 1 1 0 0 1 1 0 0 0 1 0 1 0 1 1 1 1 1]    [1]
[0 1 0 1 1 1 0 0 0 0 0 0 1 0 1 0 0 1 0 0]    [1]
[1 1 1 1 0 0 1 1 1 0 0 1 0 0 1 1 1 1 1 0]    [1]
[1 0 1 1 0 1 0 0 1 1 0 1 0 0 0 1 1 1 1 0]    [1]
[1 0 1 1 0 0 1 0 1 1 1 1 0 0 0 1 1 1 0 0]    [1]
[0 1 0 1 1 1 0 0 0 1 0 0 1 0 0 0 0 0 1 0]    [1]