[[4927 4841]
 [5123 5109]]
Validation Avg: 0.501799997985
Train Avg: 0.548887497373


[0 0 0 1 1 1 1 0 1 0 0 1 0 1 1 0 0 0 0 0 1 0 0 1 1 0 1 0 1 1]    [0]
[0 0 1 1 1 0 0 0 0 1 0 1 0 0 0 1 1 1 0 1 1 1 1 0 0 0 1 0 1 1]    [1]
[1 1 1 0 0 1 0 0 1 1 1 0 1 0 1 1 1 0 1 1 0 1 1 0 1 0 1 1 1 1]    [0]
[1 1 0 0 1 0 1 1 1 0 0 1 0 1 1 1 0 1 0 0 0 1 0 1 1 0 1 0 0 0]    [1]
[0 0 0 0 0 1 0 0 0 1 0 1 0 1 0 1 1 0 0 1 0 1 1 0 1 1 1 1 0 0]    [1]
[0 1 0 1 1 1 1 1 0 1 1 0 0 1 1 0 0 1 0 1 0 1 1 1 0 0 1 0 0 0]    [0]
[0 1 1 0 1 0 0 1 1 0 0 1 0 0 1 1 0 0 0 1 1 0 1 1 0 0 1 1 1 1]    [0]
[0 1 1 0 1 0 0 1 0 1 0 1 1 1 0 0 1 1 0 0 0 1 1 1 0 1 0 0 1 0]    [1]
[0 0 0 0 1 1 1 0 0 1 1 0 1 1 0 1 1 1 1 0 1 1 0 1 1 0 1 0 0 1]    [1]
[1 0 0 1 0 0 0 1 1 1 0 0 1 0 1 0 1 1 1 0 0 0 0 0 1 0 1 0 0 1]    [1]
[1 1 0 1 0 1 1 1 0 1 0 0 1 0 0 0 1 0 0 0 1 1 0 0 0 1 0 0 1 1]    [0]