[[6234 6290]
 [3816 3660]]
Validation Avg: 0.494699995667
Train Avg: 0.537924996838


[1 1 0 0 1 1 0 1 1 0 1 1 0 0 0 0 1 1 1 0 1 0 1 0 0 1 1 1 0 1]    [1]
[0 0 0 1 1 1 1 0 1 0 0 1 0 1 1 0 0 0 0 0 1 0 0 1 1 0 1 0 1 1]    [0]
[0 0 1 0 1 1 0 0 0 1 0 0 0 0 0 1 1 0 0 0 1 0 0 0 1 0 1 1 0 0]    [0]
[0 0 1 1 1 0 0 0 0 1 0 1 0 0 0 1 1 1 0 1 1 1 1 0 0 0 1 0 1 1]    [1]
[1 1 0 0 1 0 1 1 1 0 0 1 0 1 1 1 0 1 0 0 0 1 0 1 1 0 1 0 0 0]    [1]
[0 1 1 1 0 1 0 0 0 1 0 0 1 1 1 0 1 1 0 0 1 1 1 0 0 0 0 1 1 0]    [1]
[0 0 0 0 1 1 1 1 1 0 0 0 1 0 0 0 0 0 0 1 1 0 1 0 1 0 1 0 0 0]    [1]
[0 1 0 1 1 1 1 1 0 1 1 0 0 1 1 0 0 1 0 1 0 1 1 1 0 0 1 0 0 0]    [0]
[0 1 1 0 1 0 0 1 0 1 0 1 1 1 0 0 1 1 0 0 0 1 1 1 0 1 0 0 1 0]    [1]
[0 1 1 0 0 0 0 0 0 0 1 1 1 0 1 0 1 1 0 0 1 0 0 0 1 1 1 0 0 1]    [1]
[1 0 0 1 0 0 0 1 1 1 0 0 1 0 1 0 1 1 1 0 0 0 0 0 1 0 1 0 0 1]    [1]