[[4847 4827]
 [5203 5123]]
Validation Avg: 0.498499996066
Train Avg: 0.525787497312


[0 0 0 1 1 1 1 0 1 0 0 1 0 1 1 0 0 0 0 0 1 0 0 1 1 0 1 0 1 1]    [0]
[0 0 1 1 1 0 0 0 0 1 0 1 0 0 0 1 1 1 0 1 1 1 1 0 0 0 1 0 1 1]    [1]
[1 1 0 0 1 0 1 1 1 0 0 1 0 1 1 1 0 1 0 0 0 1 0 1 1 0 1 0 0 0]    [1]
[0 1 1 1 0 1 0 0 0 1 0 0 1 1 1 0 1 1 0 0 1 1 1 0 0 0 0 1 1 0]    [1]
[0 0 0 0 1 1 1 1 1 0 0 0 1 0 0 0 0 0 0 1 1 0 1 0 1 0 1 0 0 0]    [1]
[0 1 0 1 1 1 1 1 0 1 1 0 0 1 1 0 0 1 0 1 0 1 1 1 0 0 1 0 0 0]    [0]
[0 1 1 0 1 0 0 1 1 0 0 1 0 0 1 1 0 0 0 1 1 0 1 1 0 0 1 1 1 1]    [0]
[0 1 1 0 1 0 0 1 0 1 0 1 1 1 0 0 1 1 0 0 0 1 1 1 0 1 0 0 1 0]    [1]
[0 1 1 0 0 0 0 0 0 0 1 1 1 0 1 0 1 1 0 0 1 0 0 0 1 1 1 0 0 1]    [1]
[0 0 0 0 1 1 1 0 0 1 1 0 1 1 0 1 1 1 1 0 1 1 0 1 1 0 1 0 0 1]    [1]
[1 1 0 1 0 1 1 1 0 1 0 0 1 0 0 0 1 0 0 0 1 1 0 0 0 1 0 0 1 1]    [0]