[[5169 5115]
 [4881 4835]]
Validation Avg: 0.500199995041
Train Avg: 0.541887496635


[0 0 0 1 1 1 1 0 1 0 0 1 0 1 1 0 0 0 0 0 1 0 0 1 1 0 1 0 1 1]    [0]
[1 1 1 0 0 1 0 0 1 1 1 0 1 0 1 1 1 0 1 1 0 1 1 0 1 0 1 1 1 1]    [0]
[1 1 0 0 1 0 1 1 1 0 0 1 0 1 1 1 0 1 0 0 0 1 0 1 1 0 1 0 0 0]    [1]
[0 1 1 0 0 0 0 0 0 0 1 1 1 0 1 0 1 1 0 0 1 0 0 0 1 1 1 0 0 1]    [1]
[1 0 0 1 0 0 0 1 1 1 0 0 1 0 1 0 1 1 1 0 0 0 0 0 1 0 1 0 0 1]    [1]
[1 1 0 1 0 1 1 1 0 1 0 0 1 0 0 0 1 0 0 0 1 1 0 0 0 1 0 0 1 1]    [0]
[1 1 1 1 1 0 0 0 0 0 0 0 1 0 1 0 1 0 1 0 1 0 0 1 0 0 1 0 1 0]    [1]
[1 0 0 1 0 0 1 1 0 1 1 0 1 0 1 1 1 0 1 1 0 0 0 1 1 0 1 1 1 1]    [0]
[1 1 0 1 1 1 1 1 0 0 0 0 0 1 1 0 1 1 1 1 0 1 0 0 0 1 0 0 1 0]    [0]
[0 0 1 0 0 1 0 1 1 0 0 1 0 0 1 0 0 0 1 1 1 1 0 1 1 0 0 1 1 1]    [1]
[1 1 0 0 0 1 0 1 1 1 1 1 1 0 1 0 1 1 1 1 1 1 0 1 1 1 0 0 1 0]    [0]