[[5431 5388]
 [4619 4562]]
Validation Avg: 0.499649996608
Train Avg: 0.547662497088


[0 0 0 1 1 1 1 0 1 0 0 1 0 1 1 0 0 0 0 0 1 0 0 1 1 0 1 0 1 1]    [0]
[0 0 1 1 1 0 0 0 0 1 0 1 0 0 0 1 1 1 0 1 1 1 1 0 0 0 1 0 1 1]    [1]
[1 1 0 0 1 0 1 1 1 0 0 1 0 1 1 1 0 1 0 0 0 1 0 1 1 0 1 0 0 0]    [1]
[0 0 0 0 1 1 1 1 1 0 0 0 1 0 0 0 0 0 0 1 1 0 1 0 1 0 1 0 0 0]    [1]
[1 0 0 0 1 0 1 0 1 0 0 1 0 1 0 0 0 0 1 1 1 1 0 0 0 1 0 0 0 1]    [0]
[1 0 1 1 1 0 0 1 0 1 1 1 1 0 1 0 1 1 0 0 0 1 1 0 0 0 1 0 0 1]    [0]
[0 1 1 0 1 0 0 1 1 0 0 1 0 0 1 1 0 0 0 1 1 0 1 1 0 0 1 1 1 1]    [0]
[0 1 1 0 0 0 0 0 0 0 1 1 1 0 1 0 1 1 0 0 1 0 0 0 1 1 1 0 0 1]    [1]
[1 0 1 1 0 0 1 0 0 1 0 0 0 1 0 0 0 0 1 0 1 1 1 0 0 1 0 0 1 0]    [0]
[0 0 0 0 1 1 1 0 0 1 1 0 1 1 0 1 1 1 1 0 1 1 0 1 1 0 1 0 0 1]    [1]
[1 0 0 1 0 0 0 1 1 1 0 0 1 0 1 0 1 1 1 0 0 0 0 0 1 0 1 0 0 1]    [1]