[[55 21]
 [53 76]]
Validation Avg: 0.639024376869
Train Avg: 0.832722828793


[[0]
 [1]
 [0]
 [0]
 [1]
 [1]
 [0]
 [1]
 [1]
 [1]]    [0]
[[0]
 [0]
 [0]
 [0]
 [0]
 [1]
 [0]
 [1]
 [0]
 [0]]    [0]
[[0]
 [0]
 [0]
 [1]
 [1]
 [0]
 [0]
 [0]
 [1]
 [1]]    [0]
[[0]
 [1]
 [0]
 [1]
 [1]
 [1]
 [1]
 [0]
 [0]
 [1]]    [0]
[[1]
 [0]
 [1]
 [1]
 [1]
 [1]
 [1]
 [0]
 [0]
 [0]]    [0]
[[0]
 [1]
 [1]
 [0]
 [0]
 [1]
 [0]
 [1]
 [1]
 [0]]    [1]
[[1]
 [0]
 [1]
 [0]
 [0]
 [0]
 [1]
 [0]
 [1]
 [0]]    [0]
[[0]
 [0]
 [1]
 [1]
 [0]
 [0]
 [1]
 [0]
 [0]
 [1]]    [0]
[[1]
 [1]
 [1]
 [1]
 [0]
 [1]
 [0]
 [1]
 [0]
 [0]]    [0]
[[0]
 [1]
 [0]
 [1]
 [1]
 [1]
 [0]
 [0]
 [1]
 [1]]    [0]
[[0]
 [0]
 [0]
 [1]
 [1]
 [0]
 [1]
 [0]
 [0]
 [1]]    [0]