[[2809 2574]
 [7314 7303]]
Validation Avg: 0.782616668344
Train Avg: 0.792345833542


[0 0 0 1 0 0 0 1 0 0 0 0 0 0 0 1 0 0 0 1]    [0]
[0 0 1 0 0 1 0 0 1 1 0 1 1 1 0 1 0 0 0 1]    [1]
[1 0 1 0 1 0 1 0 0 0 1 0 0 1 0 0 1 0 1 0]    [0]
[1 0 0 1 1 0 1 0 0 1 1 0 0 1 0 1 1 1 0 0]    [0]
[1 0 1 0 1 1 1 1 0 0 0 1 0 0 0 0 1 1 0 1]    [0]
[0 0 0 1 0 0 0 0 1 0 1 1 0 0 0 1 0 1 0 0]    [0]
[0 0 0 1 1 0 1 1 0 0 1 1 0 0 1 1 0 1 0 1]    [0]
[0 1 0 0 1 1 0 1 0 1 1 0 1 1 0 0 0 0 1 0]    [1]
[1 1 1 0 0 1 1 0 1 1 1 0 1 0 0 0 0 1 1 1]    [0]
[1 0 0 1 0 1 1 0 1 1 0 0 1 0 0 1 1 0 0 1]    [0]
[1 1 0 1 0 1 0 1 1 1 1 0 0 0 1 0 0 0 1 0]    [0]