[[9520  991]
 [ 603 8886]]
Validation Avg: 0.921125003695
Train Avg: 0.925618751906


[0 0 1 0 1 1 0 0 1 0 0 1 1 0 0 0 1 0 0 0]    [1]
[1 0 1 0 1 0 0 1 1 0 1 1 1 0 0 0 1 0 1 1]    [1]
[0 1 1 1 0 0 1 1 0 0 0 0 0 0 1 1 1 0 1 0]    [1]
[1 0 1 1 0 0 0 0 1 0 1 1 1 0 1 1 0 0 1 1]    [1]
[0 1 0 0 1 1 1 1 0 0 0 0 1 0 1 1 1 0 0 0]    [1]
[1 1 1 1 1 1 0 0 1 1 0 1 1 1 0 0 0 1 1 1]    [0]
[1 0 0 0 0 0 1 1 0 1 0 0 1 1 0 1 1 0 0 1]    [1]
[0 1 1 0 1 1 0 0 1 0 1 1 1 0 0 1 0 1 1 0]    [1]
[0 1 0 0 0 0 1 1 0 0 1 1 0 0 0 1 1 1 1 0]    [1]
[1 0 0 1 0 0 1 1 0 0 1 1 0 1 1 1 1 1 1 0]    [0]
[1 0 0 0 1 0 0 1 0 0 0 0 1 1 1 1 1 0 1 0]    [1]