[[9252  690]
 [ 871 9187]]
Validation Avg: 0.921950004399
Train Avg: 0.930812501088


[0 0 1 0 1 1 0 0 1 0 0 1 1 0 0 0 1 0 0 0]    [1]
[1 0 0 1 1 0 1 0 0 1 1 0 0 1 0 1 1 1 0 0]    [0]
[1 1 0 0 1 1 1 0 1 0 1 1 1 0 1 1 0 0 0 0]    [1]
[1 1 1 0 1 1 0 0 1 1 1 1 1 0 0 1 1 0 1 0]    [1]
[1 1 1 1 1 1 0 0 0 0 0 1 1 0 1 0 1 0 0 1]    [1]
[0 0 0 1 0 0 1 1 0 1 1 1 1 1 0 1 1 1 1 1]    [1]
[1 1 0 1 0 0 0 1 0 1 1 0 1 1 0 0 1 1 0 1]    [1]
[0 0 1 0 1 1 0 1 1 0 1 1 0 0 0 0 1 0 0 0]    [0]
[0 0 1 0 1 1 1 1 1 1 1 1 1 0 1 1 0 0 1 0]    [1]
[0 1 1 0 0 0 1 0 1 0 1 0 0 0 1 0 0 1 1 0]    [0]
[1 0 0 1 0 1 1 1 0 1 1 0 0 1 1 0 1 1 1 1]    [1]