[[3429 3450]
 [6578 6543]]
Validation Avg: 0.498599996418
Train Avg: 0.526024997644


[1 0 0 0 0 1 0 0 1 1 1 0 1 0 1 1 1 0 0 1]    [0]
[1 1 0 1 1 1 0 1 1 0 0 1 0 0 0 1 1 1 0 1]    [0]
[1 1 0 0 1 1 0 1 1 1 0 1 1 1 0 0 0 0 0 0]    [0]
[1 0 1 1 0 1 0 1 0 0 0 0 1 1 1 0 1 0 0 1]    [0]
[1 1 0 0 0 1 1 1 0 0 0 0 0 1 0 1 1 0 0 0]    [0]
[0 0 0 0 1 1 0 0 0 1 0 1 0 1 1 0 0 1 1 1]    [1]
[1 1 0 1 0 1 0 1 0 0 0 1 0 0 0 0 0 0 0 0]    [0]
[0 0 0 0 0 1 1 1 0 0 0 1 0 0 1 1 0 1 0 0]    [1]
[0 0 1 0 1 1 1 0 0 0 1 1 1 1 1 0 0 1 1 1]    [0]
[1 0 0 1 0 0 1 0 1 0 1 0 0 0 0 1 0 0 1 0]    [1]
[0 1 1 1 0 0 0 0 1 1 1 1 0 0 0 0 0 0 0 1]    [0]