[[3488 2413]
 [6519 7580]]
Validation Avg: 0.514899996072
Train Avg: 0.539649997999


[1 1 0 1 1 1 0 1 1 0 0 1 0 0 0 1 1 1 0 1]    [0]
[1 1 0 0 1 1 0 1 1 1 0 1 1 1 0 0 0 0 0 0]    [0]
[1 1 0 0 0 1 1 1 0 0 0 0 0 1 0 1 1 0 0 0]    [0]
[1 0 0 0 0 1 0 1 0 0 0 1 0 1 0 0 1 0 1 0]    [1]
[0 0 0 0 1 1 0 0 0 1 0 1 0 1 1 0 0 1 1 1]    [1]
[1 0 1 1 1 0 1 1 1 1 0 1 0 1 0 0 1 0 1 1]    [1]
[0 1 0 0 0 1 0 1 0 1 0 0 0 0 0 1 0 1 1 1]    [0]
[0 0 0 0 0 1 1 1 0 0 0 1 0 0 1 1 0 1 0 0]    [1]
[0 0 1 0 1 1 1 0 0 0 1 1 1 1 1 0 0 1 1 1]    [0]
[1 0 0 0 0 0 1 1 0 0 1 1 0 1 0 0 1 1 0 0]    [0]
[0 1 1 1 0 0 0 0 1 1 1 1 0 0 0 0 0 0 0 1]    [0]