[[3524 3663]
 [6483 6330]]
Validation Avg: 0.4956499964
Train Avg: 0.526862497516


[0 0 0 0 0 1 1 1 0 0 1 1 1 0 1 0 1 0 1 0]    [1]
[1 1 0 1 1 1 0 1 1 0 0 1 0 0 0 1 1 1 0 1]    [0]
[0 1 0 0 1 0 0 0 1 1 0 0 0 1 1 0 0 0 1 0]    [1]
[1 1 0 0 1 1 0 1 1 1 0 1 1 1 0 0 0 0 0 0]    [0]
[1 0 1 1 0 1 0 1 0 0 0 0 1 1 1 0 1 0 0 1]    [0]
[1 0 0 0 0 1 0 1 0 0 0 1 0 1 0 0 1 0 1 0]    [1]
[1 0 1 1 1 0 1 1 1 1 0 1 0 1 0 0 1 0 1 1]    [1]
[0 1 0 0 0 1 0 1 0 1 0 0 0 0 0 1 0 1 1 1]    [0]
[1 1 0 1 0 1 0 1 0 0 0 1 0 0 0 0 0 0 0 0]    [0]
[0 0 0 0 0 1 1 1 0 0 0 1 0 0 1 1 0 1 0 0]    [1]
[0 0 1 0 1 1 1 0 0 0 1 1 1 1 1 0 0 1 1 1]    [0]