[[4945 5135]
 [5011 4909]]
Validation Avg: 0.49269999623298644
Train Avg: 0.5213374973088503


[1 0 1 1 0 1 1 0 0 0 1 1 0 0 1 1 1 0 0 0]    [0]
[0 0 0 1 0 0 0 0 1 1 1 0 0 1 1 0 0 0 1 1]    [0]
[0 1 1 1 0 1 0 1 0 1 1 0 1 1 1 0 1 0 1 0]    [0]
[1 0 1 1 0 0 0 0 0 1 1 1 1 0 1 1 0 1 0 0]    [0]
[1 0 1 0 1 0 0 0 0 0 0 1 0 1 0 0 0 1 0 1]    [1]
[1 1 0 1 0 0 1 1 0 0 1 0 1 0 1 0 0 1 0 0]    [1]
[0 0 1 0 1 1 0 1 1 1 0 1 1 0 1 0 0 0 1 0]    [0]
[1 1 1 1 1 0 0 0 0 0 0 0 1 0 0 1 0 0 1 0]    [0]
[0 0 1 1 1 0 0 0 0 1 0 0 0 1 0 0 0 1 1 1]    [0]
[1 1 1 0 1 1 0 0 1 0 1 1 1 0 0 0 1 0 0 0]    [0]
[1 1 0 0 1 1 1 1 1 0 1 1 0 0 0 1 0 0 1 0]    [1]