[[5504 5524]
 [4452 4520]]
Validation Avg: 0.501199996471405
Train Avg: 0.526137496419251


[1 0 1 1 0 0 0 0 0 1 1 1 1 0 1 1 0 1 0 0]    [0]
[0 0 1 1 0 0 1 0 1 1 0 1 1 0 0 0 0 0 1 1]    [1]
[1 0 1 0 1 0 0 0 0 0 0 1 0 1 0 0 0 1 0 1]    [1]
[1 1 0 1 1 0 0 1 1 1 0 1 1 1 0 1 1 1 1 1]    [1]
[1 1 0 1 0 0 1 1 0 0 1 0 1 0 1 0 0 1 0 0]    [1]
[1 1 1 1 1 1 1 0 1 0 0 0 0 0 1 1 1 0 1 1]    [1]
[0 0 0 0 1 0 0 1 0 1 0 1 0 1 0 1 0 1 0 1]    [0]
[0 1 0 0 1 0 0 1 0 1 0 0 0 0 1 1 0 0 0 0]    [0]
[0 0 0 1 0 0 0 0 0 1 1 0 0 0 1 1 0 0 0 1]    [0]
[1 1 1 0 1 1 0 0 1 0 1 1 1 0 0 0 1 0 0 0]    [0]
[0 0 1 0 1 0 0 0 1 0 0 1 0 0 0 1 0 0 1 0]    [0]