[[5711 5857]
 [4245 4187]]
Validation Avg: 0.5009166637559732
Train Avg: 0.5284708305944998


[1 0 1 1 0 0 0 0 0 1 1 1 1 0 1 1 0 1 0 0]    [0]
[0 0 1 1 0 0 1 0 1 1 0 1 1 0 0 0 0 0 1 1]    [1]
[1 0 1 0 1 0 0 0 0 0 0 1 0 1 0 0 0 1 0 1]    [1]
[0 1 0 1 0 1 1 1 1 0 0 1 0 0 1 1 0 1 1 1]    [0]
[1 1 0 1 0 0 1 1 0 0 1 0 1 0 1 0 0 1 0 0]    [1]
[0 0 1 0 1 1 0 1 1 1 0 1 1 0 1 0 0 0 1 0]    [0]
[1 1 1 1 1 0 0 0 0 0 0 0 1 0 0 1 0 0 1 0]    [0]
[0 0 0 0 1 0 0 1 0 1 0 1 0 1 0 1 0 1 0 1]    [0]
[0 1 0 0 0 1 0 1 1 0 0 0 0 1 1 1 0 1 0 0]    [0]
[0 0 1 1 1 0 0 0 0 1 0 0 0 1 0 0 0 1 1 1]    [0]
[1 1 1 0 1 1 0 0 1 0 1 1 1 0 0 0 1 0 0 0]    [0]