[[5016 5049]
 [4940 4995]]
Validation Avg: 0.4995833297073841
Train Avg: 0.5255166634172203


[0 1 1 1 0 1 0 1 0 1 1 0 1 1 1 0 1 0 1 0]    [0]
[0 0 1 1 0 0 1 0 1 1 0 1 1 0 0 0 0 0 1 1]    [1]
[1 1 0 1 1 0 0 1 1 1 0 1 1 1 0 1 1 1 1 1]    [1]
[1 1 1 1 1 0 0 0 0 0 0 0 1 0 0 1 0 0 1 0]    [0]
[1 1 1 1 1 1 1 0 1 0 0 0 0 0 1 1 1 0 1 1]    [1]
[0 0 0 0 1 0 0 1 0 1 0 1 0 1 0 1 0 1 0 1]    [0]
[0 1 0 0 1 0 0 1 0 1 0 0 0 0 1 1 0 0 0 0]    [0]
[0 0 1 1 1 0 0 0 0 1 0 0 0 1 0 0 0 1 1 1]    [0]
[1 1 1 0 1 1 0 0 1 0 1 1 1 0 0 0 1 0 0 0]    [0]
[0 0 1 0 1 0 0 0 1 0 0 1 0 0 0 1 0 0 1 0]    [0]
[0 0 1 1 1 1 0 1 1 0 1 1 0 1 1 0 1 0 0 1]    [0]