[[4880 4992]
 [5100 5028]]
Validation Avg: 0.495399996787
Train Avg: 0.560424997211


[1 1 0 1 1 1 1 0 1 1 0 1 0 0 1 0 1 0 0 1 1 1 0 1 0 1 1 1 1 0]    [1]
[0 1 1 1 1 1 0 0 0 1 1 0 1 0 1 1 0 1 0 0 1 0 1 1 1 1 1 0 0 0]    [1]
[0 1 0 1 1 0 1 0 0 0 1 1 0 0 1 1 1 1 0 0 1 1 0 1 0 1 1 1 0 1]    [1]
[0 0 0 1 1 1 0 1 1 0 1 0 1 0 0 0 0 1 1 0 0 0 0 1 1 1 1 0 0 0]    [1]
[0 1 0 1 0 0 1 1 0 1 0 1 1 0 0 1 1 1 0 1 0 1 0 1 1 1 0 0 0 1]    [0]
[0 0 0 0 0 0 0 1 0 0 0 1 0 1 0 1 0 0 1 0 0 0 1 1 1 0 0 1 0 1]    [0]
[0 0 1 1 1 0 1 1 0 1 0 1 0 1 0 1 0 0 1 0 0 1 0 0 0 0 0 1 0 1]    [1]
[1 1 1 1 1 1 1 0 0 1 0 1 1 1 1 1 1 1 1 1 1 0 1 1 0 1 1 1 1 1]    [1]
[0 0 0 1 1 0 0 0 1 0 0 1 1 0 1 0 0 1 0 0 1 0 0 0 1 0 1 1 0 1]    [0]
[0 0 0 0 0 1 0 0 0 0 1 0 0 0 1 1 1 0 0 0 1 0 0 1 1 1 1 1 0 0]    [1]
[1 0 1 1 1 0 1 0 0 1 0 0 1 0 0 0 0 0 1 1 1 1 0 0 0 0 1 1 1 1]    [1]