[[7404 7486]
 [2576 2534]]
Validation Avg: 0.496899996549
Train Avg: 0.56643749699


[0 1 0 0 1 0 1 1 0 1 1 1 1 0 1 1 0 0 1 1 0 1 1 0 1 1 1 1 0 1]    [1]
[1 1 0 1 1 1 1 0 1 1 0 1 0 0 1 0 1 0 0 1 1 1 0 1 0 1 1 1 1 0]    [1]
[0 1 1 1 1 1 0 0 0 1 1 0 1 0 1 1 0 1 0 0 1 0 1 1 1 1 1 0 0 0]    [1]
[1 0 1 0 0 0 1 0 0 1 1 0 0 1 0 0 0 1 1 0 1 1 0 1 0 0 0 1 0 1]    [1]
[1 1 1 1 1 1 1 1 1 1 0 0 1 0 1 0 1 1 1 1 0 1 1 1 0 0 1 0 1 0]    [1]
[0 1 0 1 1 0 1 0 0 0 1 1 0 0 1 1 1 1 0 0 1 1 0 1 0 1 1 1 0 1]    [1]
[0 0 1 1 0 0 0 1 1 0 1 1 1 0 0 0 1 0 1 1 0 1 1 0 1 1 0 1 0 0]    [1]
[0 0 0 0 0 0 0 1 0 0 0 1 0 1 0 1 0 0 1 0 0 0 1 1 1 0 0 1 0 1]    [0]
[0 0 1 1 1 0 1 1 0 1 0 1 0 1 0 1 0 0 1 0 0 1 0 0 0 0 0 1 0 1]    [1]
[1 1 1 1 1 1 1 0 0 1 0 1 1 1 1 1 1 1 1 1 1 0 1 1 0 1 1 1 1 1]    [1]
[0 1 1 0 0 0 0 1 1 0 0 0 0 1 1 0 1 1 1 0 0 1 1 1 1 1 0 0 1 0]    [1]