[[4558 4511]
 [5422 5509]]
Validation Avg: 0.503349995911
Train Avg: 0.556799997948


[1 0 1 0 1 0 0 0 0 1 1 1 1 0 0 1 0 0 1 0 0 0 0 0 1 0 0 1 0 1]    [0]
[1 1 0 1 1 1 1 0 1 1 0 1 0 0 1 0 1 0 0 1 1 1 0 1 0 1 1 1 1 0]    [1]
[1 1 0 0 1 1 1 0 0 1 1 0 1 1 0 1 1 0 0 0 1 1 1 1 0 0 1 1 1 0]    [0]
[0 1 1 1 1 1 0 0 0 1 1 0 1 0 1 1 0 1 0 0 1 0 1 1 1 1 1 0 0 0]    [1]
[1 1 0 1 0 1 0 1 0 1 1 0 0 0 0 1 0 0 0 1 1 1 1 0 0 0 1 1 1 1]    [0]
[0 1 0 1 1 0 1 0 0 0 1 1 0 0 1 1 1 1 0 0 1 1 0 1 0 1 1 1 0 1]    [1]
[0 0 0 1 1 1 0 1 1 0 1 0 1 0 0 0 0 1 1 0 0 0 0 1 1 1 1 0 0 0]    [1]
[0 0 1 1 0 0 0 1 1 0 1 1 1 0 0 0 1 0 1 1 0 1 1 0 1 1 0 1 0 0]    [1]
[0 0 1 1 0 1 0 0 0 1 0 0 0 0 1 0 1 1 0 0 1 1 0 1 0 0 1 1 0 0]    [0]
[0 0 0 0 0 0 0 1 0 0 0 1 0 1 0 1 0 0 1 0 0 0 1 1 1 0 0 1 0 1]    [0]
[1 1 0 1 1 0 0 1 1 1 0 0 1 0 0 1 0 1 1 1 0 0 1 0 0 1 0 1 1 1]    [1]