[[4951 4949]
 [5029 5071]]
Validation Avg: 0.501099997312
Train Avg: 0.541874996871


[1 0 1 1 0 0 1 1 0 1 0 1 1 1 1 1 1 1 0 1 1 0 0 0 0 1 0 1 1 0]    [0]
[1 0 1 0 1 0 0 0 0 1 1 1 1 0 0 1 0 0 1 0 0 0 0 0 1 0 0 1 0 1]    [0]
[1 1 0 0 1 1 1 0 0 1 1 0 1 1 0 1 1 0 0 0 1 1 1 1 0 0 1 1 1 0]    [0]
[0 0 1 0 0 0 0 0 1 0 1 0 0 1 1 1 0 1 0 1 0 0 0 1 0 1 0 0 0 1]    [1]
[0 1 1 1 1 1 0 0 0 1 1 0 1 0 1 1 0 1 0 0 1 0 1 1 1 1 1 0 0 0]    [1]
[1 1 0 1 0 1 0 1 0 1 1 0 0 0 0 1 0 0 0 1 1 1 1 0 0 0 1 1 1 1]    [0]
[0 0 0 1 1 1 0 1 1 0 1 0 1 0 0 0 0 1 1 0 0 0 0 1 1 1 1 0 0 0]    [1]
[0 0 1 1 0 1 0 0 0 1 0 0 0 0 1 0 1 1 0 0 1 1 0 1 0 0 1 1 0 0]    [0]
[1 0 0 1 1 1 0 1 0 0 1 0 1 1 1 0 1 1 0 0 0 0 0 0 1 1 0 1 0 1]    [1]
[0 0 1 1 1 0 1 1 0 1 0 1 0 1 0 1 0 0 1 0 0 1 0 0 0 0 0 1 0 1]    [1]
[1 1 1 1 1 1 1 0 0 1 0 1 1 1 1 1 1 1 1 1 1 0 1 1 0 1 1 1 1 1]    [1]