[[5856 5869]
 [4124 4151]]
Validation Avg: 0.500349996388
Train Avg: 0.53456249617


[0 1 0 0 1 0 1 1 0 1 1 1 1 0 1 1 0 0 1 1 0 1 1 0 1 1 1 1 0 1]    [1]
[1 0 1 0 1 0 0 0 0 1 1 1 1 0 0 1 0 0 1 0 0 0 0 0 1 0 0 1 0 1]    [0]
[1 1 0 1 1 1 1 0 1 1 0 1 0 0 1 0 1 0 0 1 1 1 0 1 0 1 1 1 1 0]    [1]
[0 1 1 1 1 1 0 0 0 1 1 0 1 0 1 1 0 1 0 0 1 0 1 1 1 1 1 0 0 0]    [1]
[1 1 1 1 1 1 1 1 1 1 0 0 1 0 1 0 1 1 1 1 0 1 1 1 0 0 1 0 1 0]    [1]
[0 1 0 1 1 0 1 0 0 0 1 1 0 0 1 1 1 1 0 0 1 1 0 1 0 1 1 1 0 1]    [1]
[0 0 0 1 1 1 0 1 1 0 1 0 1 0 0 0 0 1 1 0 0 0 0 1 1 1 1 0 0 0]    [1]
[0 0 1 1 0 0 0 1 1 0 1 1 1 0 0 0 1 0 1 1 0 1 1 0 1 1 0 1 0 0]    [1]
[0 0 0 0 0 0 0 1 0 0 0 1 0 1 0 1 0 0 1 0 0 0 1 1 1 0 0 1 0 1]    [0]
[1 0 0 1 1 1 0 1 0 0 1 0 1 1 1 0 1 1 0 0 0 0 0 0 1 1 0 1 0 1]    [1]
[0 0 1 1 1 0 1 1 0 1 0 1 0 1 0 1 0 0 1 0 0 1 0 0 0 0 0 1 0 1]    [1]