[[5504 5496]
 [4476 4524]]
Validation Avg: 0.501399994791
Train Avg: 0.52528749682


[0 1 1 1 0 1 0 1 1 1 1 0 0 1 1 0 0 0 0 0 1 0 0 1 1 0 1 1 1 1]    [1]
[0 1 0 0 1 0 1 1 0 1 1 1 1 0 1 1 0 0 1 1 0 1 1 0 1 1 1 1 0 1]    [1]
[1 1 0 1 1 1 1 0 1 1 0 1 0 0 1 0 1 0 0 1 1 1 0 1 0 1 1 1 1 0]    [1]
[1 1 0 0 1 1 1 0 0 1 1 0 1 1 0 1 1 0 0 0 1 1 1 1 0 0 1 1 1 0]    [0]
[0 1 1 1 1 1 0 0 0 1 1 0 1 0 1 1 0 1 0 0 1 0 1 1 1 1 1 0 0 0]    [1]
[0 1 0 1 1 0 1 0 0 0 1 1 0 0 1 1 1 1 0 0 1 1 0 1 0 1 1 1 0 1]    [1]
[0 0 1 1 0 1 0 0 0 1 0 0 0 0 1 0 1 1 0 0 1 1 0 1 0 0 1 1 0 0]    [0]
[0 0 1 1 1 0 1 1 0 1 0 1 0 1 0 1 0 0 1 0 0 1 0 0 0 0 0 1 0 1]    [1]
[1 1 1 1 1 1 1 0 0 1 0 1 1 1 1 1 1 1 1 1 1 0 1 1 0 1 1 1 1 1]    [1]
[0 1 1 0 0 0 0 1 1 0 0 0 0 1 1 0 1 1 1 0 0 1 1 1 1 1 0 0 1 0]    [1]
[0 0 0 1 1 0 0 0 1 0 0 1 1 0 1 0 0 1 0 0 1 0 0 0 1 0 1 1 0 1]    [0]